15.7	105.8	0.9	-6.7	37.5	10113	0	0	0	0	0	0	0	0	0
15.9	105.8	0.8	-6.7	37.5	10113	159	15652	-4460	28	-92	1	184	-217	4
16.1	105.7	0.7	-6.7	37.5	10113	295	15973	-4609	-42	-99	-12	185	-216	5
16.2	105.5	0.6	-6.7	37.5	10113	418	15792	-4696	-37	-57	-46	184	-216	3
16.3	105.4	0.5	-6.7	37.5	10113	164	15616	-4273	9	-30	-58	186	-217	1
16.3	105.5	0.4	-6.7	37.5	10113	-97	15782	-4397	45	-35	-30	185	-217	3
16.3	105.5	0.3	-6.7	37.5	10113	38	16038	-4325	32	-35	-45	186	-217	2
16.6	105.4	0.1	-6.7	37.5	10113	-390	15900	-4250	24	-132	-27	186	-216	0
16.9	105.3	0	-6.7	37.5	10113	-113	15606	-4466	-37	-204	-53	186	-215	0
16.8	105.2	0	-6.8	37.5	10113	219	15880	-4364	-32	27	-48	187	-216	0
16.4	105.1	0	-6.8	37.5	10113	73	15632	-4554	-25	218	-77	188	-215	0
15.9	105	0	-6.8	37.5	10114	-206	15427	-4345	-43	222	-51	188	-215	0
15.4	104.9	-0.2	-6.8	37.5	10114	-286	15884	-4386	-60	208	-100	187	-214	2
15.2	104.7	-0.3	-6.8	37.5	10114	-443	15712	-4349	-44	92	-103	188	-214	2
15.1	104.4	-0.5	-6.8	37.5	10114	-284	16048	-4294	-163	-3	-83	187	-213	3
15	104.1	-0.6	-6.8	37.5	10114	26	15922	-4337	-109	55	-77	189	-212	1
14.8	103.9	-0.8	-6.8	37.5	10114	-350	15766	-4116	-97	95	-68	190	-212	1
14.7	103.9	-1	-6.9	37.5	10114	-511	15734	-4045	-13	-1	-65	190	-213	1
14.9	103.9	-1.1	-6.9	37.5	10114	-469	15843	-4018	45	-81	-45	189	-211	1
15	103.9	-1.2	-6.9	37.5	10114	-456	15861	-3983	17	-74	-8	190	-211	1
15	103.8	-1.2	-6.9	37.5	10114	-287	16195	-4167	-17	-2	-22	190	-212	0
15	103.8	-1.2	-6.9	37.5	10114	-424	15680	-3828	-15	24	1	190	-211	1
15	103.7	-1.3	-6.9	37.5	10114	-592	16075	-3946	-8	-6	-16	191	-211	1
15.2	103.7	-1.3	-6.9	37.5	10114	-376	15827	-4049	4	-77	21	191	-212	0
15.4	103.7	-1.3	-6.9	37.5	10114	-451	16065	-3978	27	-93	35	191	-212	-1
15.4	103.7	-1.2	-6.9	37.5	10114	-396	15844	-3869	43	29	26	189	-213	0
15.4	103.5	-1.2	-6.9	37.5	10114	-631	16204	-3998	-93	5	3	191	-212	-1
15.4	103.2	-1.2	-6.9	37.5	10114	-346	15854	-4022	-95	-32	25	190	-212	-1
15.3	103.1	-1	-6.9	37.5	10114	-170	15642	-3710	-37	47	66	189	-213	-3
15.1	103.2	-0.9	-7	37.5	10114	-326	15814	-3986	6	144	20	190	-213	-3
14.9	103.2	-0.8	-7	37.5	10114	-452	16130	-3888	46	76	23	188	-213	-1
14.9	103.2	-0.8	-7	37.5	10114	-401	15958	-3702	29	8	18	189	-213	-1
15	103.1	-0.8	-7	37.5	10114	-270	16144	-3875	-35	-13	17	189	-213	-1
15	102.8	-0.8	-7	37.5	10114	-301	16050	-3822	-90	-30	-10	189	-214	-1
15.3	102.6	-0.9	-7	37.5	10114	-349	15816	-3698	-103	-126	-4	188	-213	-2
15.8	102.4	-0.9	-7	37.5	10114	-266	16034	-3992	-144	-254	45	189	-214	-5
16.2	102.2	-0.7	-7	37.5	10114	100	15896	-3636	-78	-208	86	189	-214	-6
16.4	102.1	-0.2	-7	37.5	10114	285	15956	-3486	-29	-57	176	188	-215	-8
16.6	102	0.1	-7	37.5	10114	497	16078	-3539	-41	-103	171	188	-216	-8
16.6	101.8	0.8	-7	37.5	10114	863	16016	-3598	-127	68	230	187	-217	-9
16.1	101.6	1.5	-7	37.5	10113	1297	15860	-3688	-88	230	200	185	-218	-8
15.4	101.5	2.4	-7	37.5	10114	1370	15834	-3469	-89	387	226	184	-220	-8
14.7	101.3	3.1	-7	37.5	10113	1119	15916	-3366	-60	400	243	183	-221	-6
14.2	101.1	3.7	-6.9	37.5	10113	994	16114	-3045	-58	259	180	181	-222	-5
14	100.6	4	-6.9	37.5	10113	752	16346	-2592	-160	159	159	180	-222	-5
13.8	100.1	3.9	-6.9	37.5	10113	658	15844	-2482	-194	64	21	179	-223	-6
13.5	99.6	3.3	-6.9	37.5	10113	-460	16764	-3323	-304	102	-202	180	-222	-7
13	98.9	1.9	-6.9	37.5	10113	-1460	16201	-3068	-300	122	-447	182	-220	-7
12.8	98.3	0.5	-6.9	37.5	10113	-1830	16115	-3526	-398	6	-431	186	-217	-9
12.5	97.7	-0.6	-6.9	37.5	10113	-993	16036	-3131	-334	99	-509	188	-215	-11
12.1	97.1	-1.5	-6.9	37.5	10113	-1221	15061	-3159	-425	146	-297	191	-212	-13
12.4	96.8	-1.8	-6.9	37.5	10113	-1704	14907	-3860	-347	-146	24	192	-212	-15
13.7	96.9	-1.8	-6.9	37.5	10113	-1996	15326	-3761	-285	-494	246	191	-212	-17
16.1	97.6	-1.4	-6.9	37.5	10113	-1128	15983	-3369	231	-1263	490	190	-216	-22
16.5	98.4	-0.9	-6.9	37.5	10113	-380	19637	-2562	649	-8	198	187	-217	-24
17.7	97.6	-0.1	-6.9	37.5	10113	1220	17779	376	-167	-581	379	187	-219	-25
18.1	97.5	1.3	-6.8	37.5	10113	1957	16408	-1076	115	-96	448	185	-221	-28
17.7	97.7	3.5	-6.8	37.5	10113	2721	16917	-1363	304	309	902	181	-226	-25
17.8	97.3	5.1	-6.8	37.5	10113	2373	14583	-630	-238	-30	672	176	-230	-25
17.1	97.4	6.4	-6.8	37.5	10113	3181	15419	-2678	-69	308	414	174	-233	-24
17	97.4	6.7	-6.8	37.5	10113	1934	15160	-3124	-203	-26	94	171	-234	-24
16.3	97.3	6.6	-6.8	37.5	10113	2327	15567	-3361	-112	371	-119	172	-233	-25
15.9	96.1	6	-6.8	37.5	10113	2406	17228	-2789	-556	180	-323	174	-231	-25
15.7	95.2	5.8	-6.8	37.5	10113	2088	21621	-2465	-122	-71	-88	174	-230	-29
14.6	93.9	5.6	-6.8	37.5	10113	2113	20532	79	-427	447	-196	177	-229	-30
12.4	92.4	5	-6.7	37.5	10113	1046	16401	1095	-527	1013	-287	179	-227	-26
11	92.2	3.4	-6.7	37.5	10113	-1298	15108	1227	103	606	-543	182	-224	-26
10.7	92.4	2.2	-6.7	37.5	10113	328	15745	1274	318	118	-479	185	-221	-23
10.4	92.5	0.6	-6.7	37.5	10113	109	13095	649	197	41	-746	189	-216	-22
10	92.3	-1.3	-6.7	37.5	10113	-1582	12442	829	-33	219	-775	193	-212	-22
10.8	93.1	-2.5	-6.7	37.5	10113	-1397	15138	-871	400	-514	-451	198	-208	-22
10.4	93.4	-2.9	-6.7	37.5	10113	33	16555	-2664	-110	200	-259	200	-205	-22
8.8	94.3	-3.2	-6.7	37.5	10113	-1358	16526	-5494	277	660	-173	200	-204	-21
8	93.2	-3.5	-6.7	37.5	10113	-1304	20596	1431	-205	528	-134	200	-202	-17
8.7	91.6	-2.9	-6.7	37.5	10113	-862	22764	2754	-747	-361	326	201	-203	-18
8.6	90.9	-1.2	-6.7	37.5	10113	696	14900	746	-272	65	564	199	-206	-22
8.5	91.3	0.5	-6.7	37.5	10113	393	16585	-365	240	99	835	197	-212	-22
9.3	91.2	2	-6.7	37.5	10113	-329	14864	1	1	-385	756	192	-218	-22
10.3	91.1	3.6	-6.7	37.5	10113	1658	12879	-568	-91	-483	686	189	-223	-26
11.2	91.1	4.9	-6.6	37.5	10113	938	13099	-1188	-178	-431	658	186	-226	-29
13	91.8	5.3	-6.6	37.5	10113	1336	15088	-2752	-135	-1005	237	182	-230	-34
13.8	92.1	5.2	-6.6	37.5	10113	3951	18802	-2634	74	-330	-286	183	-230	-39
13.9	91.6	5.6	-6.6	37.5	10113	4254	19473	971	190	62	59	182	-230	-41
12.9	89.8	4.7	-6.6	37.5	10113	512	16825	3342	-425	444	-283	184	-229	-41
12.4	89.2	3.3	-6.6	37.5	10113	-386	15864	924	-123	129	-458	187	-226	-43
12.7	89.3	1.3	-6.6	37.5	10113	306	12888	229	68	-270	-972	192	-224	-44
12	89.9	-0.3	-6.6	37.5	10113	447	12724	-386	171	409	-828	197	-218	-41
11.8	90.8	-1.6	-6.6	37.5	10113	-1373	15662	-627	309	14	-514	202	-213	-40
10.7	92.1	-1.7	-6.6	37.5	10113	-398	15898	-4288	431	662	-107	204	-210	-38
10.8	91.8	-1.7	-6.6	37.5	10113	1719	21846	2990	311	-10	-312	204	-212	-35
12	91.5	-0.9	-6.6	37.5	10113	-789	19476	2590	133	-688	549	203	-213	-36
12.9	91.3	0.1	-6.6	37.5	10113	1100	17208	1067	-71	-453	412	202	-217	-39
13.7	91.6	1.8	-6.6	37.5	10113	1325	15807	-48	106	-473	648	198	-220	-42
13.8	91.5	3.5	-6.6	37.5	10113	1360	12464	-57	14	27	672	196	-226	-41
13.6	91	5	-6.5	37.5	10113	1846	9458	25	-177	51	587	191	-233	-41
13.3	91.8	5.6	-6.5	37.5	10113	1461	14893	-2033	250	111	286	189	-235	-41
13.7	92.5	5.2	-6.5	37.5	10113	1788	19182	-4232	204	-218	-182	188	-235	-40
14.3	92.1	5.7	-6.5	37.5	10113	1958	24056	-1866	-176	-804	492	190	-236	-41
13.3	89.9	5.1	-6.5	37.5	10113	624	17494	4124	-819	482	-288	188	-235	-43
12.3	88.5	3.8	-6.4	37.5	10113	1227	14078	1753	-678	356	-634	192	-234	-45
11.2	88.7	1.8	-6.4	37.5	10113	137	13646	161	108	516	-997	198	-230	-44
10.8	89.5	-0.3	-6.4	37.5	10113	-1329	11223	344	468	153	-871	204	-224	-40
11.2	91.3	-2.2	-6.4	37.5	10113	-2162	13446	-1153	766	-239	-750	210	-219	-37
11.1	93.3	-2.6	-6.4	37.5	10113	-770	15576	-2846	752	96	-245	213	-216	-35
11	94	-2.5	-6.4	37.5	10113	-2621	19380	23	254	325	150	214	-217	-30
11.4	93.8	-2.2	-6.3	37.5	10113	-4310	24952	1534	-119	138	296	214	-217	-27
13	92.8	-1	-6.3	37.5	10113	1244	17432	1308	-272	-747	408	212	-222	-32
13.5	92.8	0.5	-6.3	37.5	10113	1244	17432	1308	-272	-747	408	212	-222	-32
13.5	93.1	2.5	-6.3	37.5	10113	2072	13690	-466	91	8	821	206	-234	-34
13.5	93	4.1	-6.3	37.5	10113	722	12415	-412	-94	-36	756	203	-242	-33
13.2	93	5.3	-6.2	37.5	10112	2122	11839	-1389	-48	94	392	200	-245	-34
13.2	93	5.3	-6.2	37.5	10112	739	15462	-2453	-294	-50	90	198	-247	-33
13.8	92.8	5	-6.2	37.5	10112	1289	19268	-4475	-205	-304	-30	197	-248	-34
14.8	92	5.1	-6.2	37.5	10112	218	24249	-1587	-172	-832	378	198	-248	-39
12.6	89.9	5	-6.2	37.5	10112	3472	18900	3098	-693	1175	-295	200	-249	-44
11.1	88.8	3.7	-6.1	37.5	10112	-797	15405	1456	-420	632	-390	204	-249	-38
10.9	89.4	1.7	-6.1	37.5	10112	-943	13995	281	473	-14	-802	209	-247	-37
10.2	90	0.3	-6.1	37.5	10112	1753	10495	-256	167	303	-765	216	-242	-36
9.7	91.1	-1.8	-6.1	37.5	10112	-3503	12509	72	579	241	-748	222	-238	-30
10.5	92.5	-2.4	-6.1	37.5	10112	791	15314	-2154	496	-545	-386	227	-234	-29
9.7	93.8	-2.3	-6.1	37.5	10112	-437	17130	-3509	366	412	29	228	-234	-27
9.2	93	-2.6	-6.1	37.5	10112	-1999	21921	3542	-617	301	-94	228	-235	-25
10	91.5	-2.4	-6.1	37.5	10112	-3942	22022	1486	-538	-407	355	231	-235	-25
11.3	90.2	-1.4	-6	37.5	10112	-350	15945	464	-488	-616	477	231	-241	-32
13.2	89.4	0	-6	37.5	10112	236	16826	534	-319	-910	589	228	-249	-39
14.6	89.4	2	-6	37.5	10112	1995	13844	260	12	-795	851	226	-257	-46
15.7	89.3	3.8	-6	37.5	10112	1377	10904	101	-134	-552	726	221	-264	-51
16	89.9	5.2	-6	37.5	10112	2568	12949	-658	207	-190	504	216	-270	-56
16.7	90.1	5.7	-6	37.5	10112	1456	18310	-2366	-266	-405	303	214	-275	-57
17.2	90.2	5.4	-6	37.5	10112	2186	18055	-2438	-215	-231	-255	214	-275	-61
16.7	89.9	5.4	-5.9	37.5	10112	3289	20822	-1262	403	196	-11	217	-277	-64
14.7	88.5	4.6	-5.9	37.5	10112	7	18010	3670	16	946	-229	222	-277	-64
13.6	88.1	3.8	-5.9	37.5	10112	703	15983	1799	43	482	-306	229	-276	-61
12.8	88.2	2	-5.9	37.5	10112	-954	11462	746	0	369	-708	236	-275	-59
12.2	89.2	0.3	-5.9	37.5	10112	-596	10813	204	527	252	-667	244	-272	-55
12.8	90.2	-0.9	-5.8	37.5	10112	-1288	14810	3	454	-356	-508	250	-268	-54
13.3	91.5	-1.2	-5.8	37.5	10112	471	17875	-2684	358	-189	-274	253	-266	-55
13.4	91.7	-1.1	-5.8	37.5	10112	-1082	19872	418	-12	-98	259	254	-268	-56
14.4	90.9	-1.2	-5.8	37.5	10112	-3138	22344	2393	-181	-485	83	256	-267	-58
15.2	90.4	-0.3	-5.7	37.5	10112	433	17153	1280	7	-340	326	256	-272	-65
15.6	90.1	0.9	-5.7	37.5	10112	1429	17376	797	-56	-191	487	255	-278	-69
16.1	90.4	2.3	-5.7	37.5	10112	1692	14632	128	222	-295	553	254	-284	-73
16.6	90.3	3.8	-5.7	37.5	10112	698	12476	-40	-106	-303	633	252	-290	-77
16.7	90.2	5.3	-5.7	37.5	10112	1714	12164	-855	-241	-46	612	247	-295	-80
17.1	90.6	5.8	-5.7	37.5	10112	1180	15390	-2308	-165	-292	326	243	-298	-84
17.5	90.8	5.3	-5.6	37.5	10112	3173	16851	-2886	-300	-240	-444	241	-296	-87
17.7	90.1	5.3	-5.6	37.5	10112	2876	21326	206	-571	-307	-101	242	-293	-93
16.6	88.1	5	-5.6	37.5	10112	2275	19472	3284	-686	464	-210	244	-289	-98
15	86.8	3.9	-5.6	37.5	10112	354	16456	2214	-269	807	-419	251	-283	-99
14	86.5	2.5	-5.6	37.5	10112	-738	15327	982	75	408	-470	259	-279	-100
13.2	86.9	0.8	-5.6	37.5	10112	435	9988	754	232	487	-760	266	-273	-99
12.7	88	-0.8	-5.6	37.5	10112	-1582	11771	100	396	342	-608	274	-264	-93
13.4	89.5	-1.6	-5.6	37.5	10112	-1144	15804	-1458	630	-391	-335	275	-259	-92
13.3	90.7	-1.3	-5.5	37.5	10112	-172	16576	-3434	551	85	88	275	-258	-91
13	90.4	-1.5	-5.5	37.5	10112	1104	23865	442	245	297	-343	271	-257	-88
14.1	89.6	-0.5	-5.5	37.5	10112	-276	18377	2483	73	-617	564	270	-257	-90
14.6	88.9	0.5	-5.5	37.5	10112	136	15283	1004	-93	-179	423	268	-260	-96
14.8	89	2.4	-5.5	37.5	10112	1480	14849	119	68	-33	824	263	-264	-99
15	89.2	4	-5.5	37.5	10112	1018	13979	-616	233	-25	617	256	-268	-99
15	88.6	5.6	-5.5	37.5	10112	1476	11914	587	-261	12	756	251	-273	-100
14.7	89	6.1	-5.5	37.5	10112	1300	14637	-1739	-93	292	271	245	-274	-101
14.3	89	5.9	-5.5	37.5	10112	3018	17280	-4001	-118	162	-218	244	-274	-98
14.4	88	6	-5.5	37.5	10112	810	22452	-263	-361	-369	229	242	-268	-97
12.6	86.2	5.5	-5.5	37.5	10112	1123	19230	3103	-498	1029	-200	244	-263	-99
11.1	85.4	4.3	-5.5	37.5	10112	887	14989	2012	-206	863	-458	246	-259	-94
10.4	85.9	2.8	-5.5	37.5	10112	-715	16132	912	386	345	-546	251	-253	-89
9.7	86	1.1	-5.4	37.5	10112	128	12167	1351	172	505	-722	257	-248	-86
9	86.7	-0.7	-5.4	37.5	10112	-1644	11388	816	526	431	-616	260	-240	-79
9.2	87.8	-1.7	-5.4	37.5	10111	-964	14717	-1341	632	-13	-415	262	-236	-75
9.1	88.9	-1.9	-5.4	37.5	10111	-1100	16885	-2732	346	151	-91	262	-232	-72
8.6	88.6	-1.6	-5.4	37.5	10111	-2855	18491	-2751	-318	492	394	259	-234	-69
8.5	87.9	-1.7	-5.4	37.5	10111	-949	23377	-1365	4	349	-291	256	-234	-66
9.8	86.5	-0.7	-5.3	37.5	10111	632	20469	1762	-446	-521	301	252	-235	-72
10.3	85.6	0.7	-5.3	37.5	10111	620	16062	1822	-201	-146	676	246	-237	-77
11.1	85.4	2.3	-5.3	37.5	10111	974	15040	1014	27	-404	655	240	-241	-78
11.9	85.3	3.8	-5.3	37.5	10111	1324	13729	197	-16	-409	595	232	-245	-82
12.7	85.5	5.2	-5.3	37.5	10111	1544	12043	-442	65	-302	534	226	-249	-85
13.2	85.8	6.1	-5.3	37.5	10111	1561	14468	-950	-75	-181	447	220	-251	-86
14.2	87.1	5.7	-5.2	37.5	10111	1700	16620	-3972	312	-420	-217	215	-251	-86
14.9	86.5	5.2	-5.2	37.5	10111	471	24652	2171	-362	-541	-87	215	-246	-88
14.3	85.2	4.9	-5.2	37.5	10111	2855	17590	3584	-519	399	-316	212	-245	-88
13.7	84.7	3.8	-5.2	37.5	10111	793	15552	2046	-75	358	-399	213	-240	-86
14.4	85.5	2.1	-5.1	37.5	10111	-1001	16042	798	505	-269	-638	215	-236	-83
15.4	86.5	0.7	-5.1	37.5	10111	670	12951	742	561	-364	-651	216	-230	-83
16.6	88.1	-0.7	-5.1	37.5	10111	-2208	12834	-20	853	-472	-571	218	-226	-81
18.6	89.3	-1.5	-5.1	37.5	10111	271	15504	-1438	579	-908	-408	218	-224	-82
20.5	89.8	-1.8	-5.1	37.5	10111	-124	16380	-2377	-100	-851	-208	216	-222	-86
21.3	90.6	-1.4	-5	37.5	10111	590	16811	-5815	228	-443	130	213	-221	-89
22.7	90.7	-1.5	-5	37.5	10111	2253	23780	476	295	-613	-331	209	-222	-88
24.8	89.9	-1	-5	37.5	10111	841	17635	3104	30	-983	259	206	-222	-92
25.5	90.5	-0.4	-5	37.5	10111	733	16078	355	394	-257	114	202	-222	-94
26.4	91.6	0.6	-4.9	37.5	10111	671	16663	220	623	-349	570	199	-225	-91
28.2	91.9	1.4	-4.9	37.5	10111	1608	13777	-643	237	-774	207	194	-228	-91
31.7	91.3	1.7	-4.9	37.5	10111	-1722	12553	-33	-520	-1782	335	188	-231	-96
35.7	91.9	2.8	-4.9	37.5	10111	2655	12517	-1862	-63	-1786	365	180	-232	-107
39	93.9	2.8	-4.9	37.5	10111	2240	11554	-3858	197	-1649	-134	172	-233	-113
41.9	97	2.3	-4.8	37.5	10111	2493	15184	-6050	1503	-1362	-380	169	-234	-114
44.3	99.4	2.9	-4.8	37.5	10111	1930	17536	-4166	1956	-1322	448	164	-238	-112
46.4	99.1	2.5	-4.8	37.5	10111	-1447	18890	2209	238	-807	150	162	-241	-108
51	99.6	1.1	-4.8	37.5	10111	-582	18155	-1982	320	-2396	-252	154	-243	-112
55.9	99.9	0	-4.8	37.5	10111	-78	15103	-1983	260	-2482	91	148	-242	-116
62	99.6	-1.4	-4.8	37.5	10111	-980	14980	-1890	-132	-2980	19	136	-242	-125
68.6	99.9	-1.8	-4.7	37.5	10111	920	14456	-3576	81	-3338	326	120	-241	-134
75.2	101.2	-2	-4.7	37.5	10111	1256	13364	-4651	283	-3336	512	101	-243	-140
81.4	103.1	-2.7	-4.7	37.5	10111	-51	16996	-6416	900	-3148	365	81	-246	-140
86.1	103.7	-3.8	-4.7	37.5	10111	4286	22125	-2652	716	-2546	-357	64	-248	-138
93.4	101.5	-5	-4.7	37.5	10111	-5283	16990	-1560	-584	-3791	918	53	-249	-138
99.7	99.3	-4.9	-4.7	37.5	10111	5062	17870	-1838	-690	-3140	-66	31	-244	-143
105	98.6	-3.6	-4.6	37.5	10111	1277	16860	-3336	-47	-2525	1101	14	-241	-144
111.5	97	-3.2	-4.6	37.5	10111	270	13443	-2633	-623	-3211	650	-6	-238	-144
117.4	96.5	-2.9	-4.6	37.5	10111	2432	14212	-3880	-326	-3003	312	-25	-234	-141
121	97.9	-3.3	-4.6	37.5	10111	1865	12048	-4609	653	-1954	-170	-39	-232	-133
124.7	97.7	-3.3	-4.6	37.5	10111	839	24220	766	148	-1804	179	-44	-235	-131
127.9	98.6	-3.1	-4.6	37.5	10110	7484	15860	-3526	729	-1796	-116	-57	-235	-122
131.1	97.1	-3.8	-4.5	37.5	10110	-3603	15213	1137	-162	-1626	342	-61	-235	-117
135.2	96.5	-5	-4.5	37.5	10110	-556	18344	-1484	-5	-2109	-373	-70	-234	-111
139.4	95.6	-5.8	-4.5	37.5	10110	-1752	14048	-1932	-231	-2130	-9	-75	-234	-106
144.3	95.6	-6.5	-4.5	37.5	10110	-1759	15480	-3966	220	-2547	5	-82	-234	-99
148.7	96.1	-6.2	-4.5	37.5	10110	747	14920	-4735	364	-2330	260	-91	-233	-89
152.5	96.3	-6.2	-4.5	37.5	10110	-2298	15481	-5125	221	-1922	286	-99	-232	-81
156.7	94.9	-5.7	-4.5	37.5	10110	-1667	19137	-2362	-225	-2165	590	-107	-230	-73
159.7	93.7	-4.9	-4.5	37.5	10110	488	21768	-3194	-258	-1240	110	-113	-227	-67
162.6	91.2	-3.1	-4.4	37.5	10110	2918	20574	775	-819	-1493	656	-120	-222	-64
165.6	89.5	-1.2	-4.4	37.5	10110	1227	14397	640	-510	-1609	800	-127	-217	-62
168.4	89.2	0.3	-4.4	37.5	10110	2465	16092	-1002	-76	-1461	415	-134	-212	-55
171	89.1	2.1	-4.4	37.5	10110	2625	14645	-758	-25	-1386	626	-139	-209	-51
173.7	88.9	3.8	-4.4	37.5	10110	2235	14015	-1026	-61	-1524	607	-145	-206	-44
175.7	89.2	5.6	-4.4	37.5	10110	2810	13904	-1508	76	-1021	650	-149	-201	-36
178.1	89.7	6.7	-4.4	37.5	10110	2188	16146	-2688	-57	-1234	410	-155	-198	-31
179.9	90.1	7.2	-4.4	37.5	10110	3588	17043	-4284	-188	-985	101	-159	-196	-26
-178.6	89.5	7.1	-4.3	37.5	10110	2142	20411	-637	-288	-800	-85	-158	-198	-23
-178.3	88.4	6.8	-4.3	37.5	10110	3242	18089	1374	-189	-239	-301	-158	-198	-21
-179.2	87.5	6.3	-4.3	37.5	10110	3334	16110	2142	-100	290	-349	-159	-200	-22
179.9	87.4	4.8	-4.3	37.5	10110	-517	16500	834	90	250	-470	-157	-203	-24
179.6	87.6	3.1	-4.3	37.5	10110	1854	13564	155	-24	67	-960	-153	-208	-26
178.2	88.3	1.1	-4.3	37.5	10110	-882	12205	-368	324	631	-856	-148	-215	-26
177.8	89.7	-0.1	-4.3	37.5	10110	-1953	13403	-1393	611	59	-441	-145	-219	-28
177.3	91.5	-0.6	-4.3	37.5	10110	-495	17132	-3898	458	178	-208	-144	-221	-26
176.5	91.6	-0.7	-4.3	37.5	10110	76	22296	-707	-215	-23	124	-146	-222	-24
175.4	89.8	-0.6	-4.3	37.5	10110	-2152	21835	1884	-664	461	126	-145	-224	-29
175.6	88	0	-4.3	37.5	10110	734	16302	1350	-638	-322	149	-147	-222	-35
175	87.4	1.3	-4.3	37.5	10110	1724	16589	150	-204	158	495	-150	-221	-37
175.3	87.4	2.7	-4.3	37.5	10110	252	14196	-69	-25	-339	661	-155	-217	-39
176.5	87.6	4.3	-4.2	37.5	10110	1092	12154	39	82	-761	691	-161	-213	-36
177.7	88.3	5.9	-4.2	37.5	10110	2438	12721	-1004	173	-717	542	-166	-209	-32
178.4	89.2	6.3	-4.2	37.5	10110	1960	16595	-3930	51	-404	151	-170	-206	-28
179.2	88.9	6.4	-4.2	37.5	10110	2481	21124	-541	-489	-384	-197	-172	-205	-27
179.1	87.8	6.9	-4.2	37.5	10110	4810	20530	418	-237	21	159	-176	-204	-24
178	85.8	5.9	-4.2	37.5	10110	325	16597	3586	-585	324	-246	-178	-205	-29
178.1	85.2	4.3	-4.2	37.5	10110	-1084	16938	1980	-239	-126	-523	-177	-209	-33
178.5	85.4	2.7	-4.2	37.5	10110	1026	12992	360	-77	-275	-867	-175	-213	-33
178.1	85.9	1.4	-4.2	37.5	10110	223	11596	46	204	139	-647	-172	-218	-33
178.4	86.8	0	-4.2	37.5	10110	-1890	12541	-551	288	-213	-540	-169	-223	-32
178.7	88.6	0	-4.2	37.5	10110	38	16644	-3324	562	-294	-24	-170	-226	-29
177.6	89	0.1	-4.2	37.5	10110	-692	20562	-1831	101	306	268	-173	-226	-27
176.9	88	-0.1	-4.2	37.5	10110	-3514	22831	3041	-265	178	-5	-174	-227	-31
177	86.7	0.6	-4.2	37.5	10110	677	17122	2201	-475	-223	320	-178	-227	-33
176.7	86.3	2	-4.2	37.5	10110	553	16212	929	-153	-37	646	-182	-224	-35
176.4	86.4	3.6	-4.2	37.5	10110	1409	14173	-67	44	-26	668	-189	-220	-35
176.4	86.5	5.3	-4.2	37.5	10110	613	11621	-529	70	-169	728	-194	-215	-34
176.3	87.2	6.7	-4.2	37.5	10110	1796	11176	-443	270	-84	602	-201	-210	-33
175.9	88.8	6.8	-4.2	37.5	10110	1368	16018	-2710	430	63	143	-205	-207	-32
175.7	89.3	6.3	-4.2	37.5	10110	3196	20205	-1858	-75	-26	-469	-208	-207	-31
175.7	89	6.5	-4.2	37.5	10110	4171	20627	-421	-84	-253	-29	-211	-209	-28
173.6	87.3	5.6	-4.1	37.5	10110	876	16220	3290	-364	837	-239	-213	-212	-32
172	87.1	4.2	-4.1	37.5	10110	-259	16210	960	7	675	-491	-211	-216	-40
170.7	87.3	2.4	-4.1	37.5	10110	740	14422	-78	-3	550	-907	-207	-222	-43
169	87.9	0.7	-4.1	37.5	10110	-739	11182	-127	288	817	-651	-204	-230	-49
168.4	89.2	-0.8	-4.1	37.5	10110	-1975	13408	-1266	536	122	-599	-199	-237	-52
167.9	90.5	-1	-4.1	37.5	10110	-540	16394	-3551	283	119	-122	-200	-242	-50
166.4	90.4	-0.6	-4	37.5	10110	-1838	20057	-434	-152	730	368	-203	-242	-51
166.8	89.5	-0.4	-4	37.5	10110	-4253	22554	2727	-436	-253	352	-205	-244	-55
167.7	88.5	0.4	-4	37.5	10110	1127	17807	1340	-343	-545	228	-211	-244	-51
168.2	88.1	2.2	-4	37.5	10110	657	15650	627	-84	-256	821	-214	-241	-49
168.9	88.5	4	-4	37.5	10110	1324	11058	-260	168	-483	785	-220	-235	-45
169.7	89.1	5.8	-3.9	37.5	10110	2116	11537	-390	99	-453	670	-226	-230	-38
170.3	89.8	6.5	-3.9	37.5	10110	1177	14446	-1366	127	-322	376	-233	-224	-34
171.1	90.6	6.4	-3.9	37.5	10110	1788	17547	-3443	-4	-323	-20	-236	-223	-29
172.6	90.4	6.1	-3.9	37.5	10110	-22	24040	576	-80	-972	19	-237	-225	-25
172.1	89.9	5.8	-3.8	37.5	10110	3439	19878	987	-32	296	-271	-238	-229	-18
170.8	89.2	4.9	-3.8	37.5	10110	1462	16198	2140	-117	593	-443	-235	-231	-20
169.9	89.8	3.4	-3.8	37.5	10110	-334	15854	746	283	395	-522	-230	-237	-23
169.5	90	1.8	-3.8	37.5	10110	328	14273	769	87	142	-775	-223	-243	-21
168.3	90.6	0.5	-3.8	37.5	10109	-598	11198	415	350	604	-576	-218	-249	-22
168.7	91.8	-0.5	-3.8	37.5	10109	-1968	13958	-1185	461	-220	-311	-214	-253	-22
169.6	92.8	-1	-3.7	37.5	10109	141	17937	-3758	205	-568	-312	-213	-255	-15
168.7	93.7	-0.1	-3.7	37.5	10109	0	17187	-3102	134	512	371	-212	-257	-11
168.1	93	0	-3.7	37.5	10109	-3086	20726	3188	-200	225	119	-215	-255	-12
168.3	92.3	0.7	-3.7	37.5	10109	-598	17350	1299	-161	-81	316	-215	-253	-12
168.3	92.1	2	-3.6	37.5	10109	1070	16223	656	-14	62	532	-215	-248	-11
168.5	92.4	3.4	-3.6	37.5	10109	920	15658	188	153	-75	614	-219	-242	-10
169	93	4.8	-3.6	37.5	10109	1270	13698	-511	278	-182	587	-219	-235	-7
169.3	93	6.1	-3.6	37.5	10109	1614	12935	-101	-132	-127	539	-222	-229	-4
169.6	93.5	6.7	-3.6	37.5	10109	1329	13969	-1993	39	-31	302	-225	-225	-3
170.3	94.3	6.4	-3.5	37.5	10109	1304	16062	-4069	-77	-277	-65	-225	-222	-2
171.9	93.8	5.9	-3.5	37.5	10109	-1292	24310	134	-139	-441	-86	-222	-224	1
172.4	92.4	6.1	-3.5	37.5	10109	4192	20584	573	-447	-103	-164	-219	-223	8
171.6	91.2	5.6	-3.5	37.5	10109	810	15640	2076	-344	419	-191	-217	-222	3
170.8	91.2	4.1	-3.5	37.5	10109	38	15166	1098	105	382	-650	-211	-224	0
170.5	91.9	2.5	-3.4	37.5	10109	36	14542	260	400	113	-664	-205	-229	-1
170.5	93	0.9	-3.4	37.5	10109	88	12334	-18	533	-30	-734	-200	-233	7
170.2	94.3	-0.4	-3.4	37.5	10109	-1024	13482	-560	661	147	-582	-192	-238	3
170.3	95.7	-1.3	-3.4	37.5	10109	-914	14495	-502	639	-113	-355	-189	-241	6
170.4	97.3	-1.6	-3.3	37.5	10109	-540	16882	-2935	646	-111	-119	-186	-241	10
170	98	-1.5	-3.3	37.5	10109	-1046	17300	-3550	71	210	30	-185	-241	14
170.9	98.1	-1.4	-3.3	37.5	10109	-3379	17696	-4303	-155	-534	386	-186	-239	14
169.9	96.6	-1.6	-3.2	37.5	10109	1270	21442	-1589	-535	334	-368	-183	-239	14
169.5	94.5	-1.2	-3.2	37.5	10109	-1498	19308	175	-807	123	364	-182	-239	7
170	92.7	-0.4	-3.2	37.5	10109	-870	15439	1352	-723	-206	414	-181	-236	1
170.1	92.8	0.9	-3.2	37.5	10109	1478	15162	-595	-25	-19	430	-183	-231	0
170.1	93.8	2.4	-3.1	37.5	10109	507	14608	-778	327	47	718	-186	-225	0
170.5	94.4	3.5	-3.1	37.5	10109	-1	13532	-89	317	-90	550	-188	-219	2
172.1	94.5	4.4	-3.1	37.5	10109	845	12904	234	-7	-798	512	-190	-214	6
173.3	95.3	5.3	-3	37.5	10108	2086	13103	-1867	249	-556	327	-191	-211	12
173.4	96.4	5.2	-3	37.5	10108	1955	14126	-3356	177	30	-168	-191	-208	14
172.7	98.3	4.5	-3	37.5	10108	2198	14245	-4962	338	292	-494	-188	-209	15
172	99.8	4.4	-3	37.5	10109	769	18477	-3911	469	245	-106	-186	-211	16
171.9	99.7	5.8	-2.9	37.5	10108	2028	23754	-1229	102	167	734	-187	-207	18
172.3	100	7.2	-2.9	37.5	10109	5346	16520	-98	584	-476	481	-190	-198	19
170.2	99.1	7	-2.9	37.5	10109	2313	14049	640	-32	1066	-228	-190	-196	16
170.9	99.6	4.3	-2.9	37.5	10109	-3614	15686	-28	420	-631	-775	-187	-198	14
172.1	99.8	2.4	-2.9	37.5	10109	864	16198	-2247	58	-724	-832	-181	-203	20
172.8	99.6	1	-2.8	37.5	10109	-298	13710	-2316	-171	-379	-544	-176	-208	22
173.9	100.4	0.9	-2.8	37.5	10109	-528	13618	-3668	200	-531	122	-173	-209	25
175.7	101.4	1.3	-2.8	37.5	10109	-1211	14366	-4271	339	-792	562	-175	-206	29
177.5	102.3	1.5	-2.8	37.5	10108	840	16792	-3720	307	-807	225	-175	-201	40
-179.8	103.4	0.4	-2.8	37.5	10108	-4270	18669	-6073	396	-1422	-8	-176	-199	42
179.6	102.3	-0.7	-2.8	37.5	10108	8342	20981	691	-12	-18	-1127	-171	-199	50
179.6	100.7	-1.8	-2.8	37.5	10108	-4825	15587	853	-316	-155	-62	-167	-208	44
179.7	100.4	-0.3	-2.8	37.5	10108	5432	16504	-1893	35	-30	141	-167	-208	44
178.4	100.7	1.6	-2.7	37.5	10108	620	13911	-1753	381	798	805	-173	-204	42
177.6	99.9	2.6	-2.7	37.5	10108	666	13727	-993	-191	465	346	-178	-201	37
177.3	99.7	2.8	-2.7	37.5	10108	734	15161	-2565	-97	94	37	-182	-199	33
177.2	100	2.2	-2.7	37.5	10108	252	14092	-3959	-52	-44	-305	-183	-200	33
176.9	100.4	2.2	-2.7	37.5	10108	2077	16231	-3480	142	101	-165	-184	-202	32
175.3	101.9	3.1	-2.7	37.5	10108	2617	15410	-7260	382	704	-19	-185	-202	32
173.7	101.3	4.1	-2.7	37.5	10108	-1300	22953	-779	-307	919	357	-190	-202	24
175.7	100.9	6.4	-2.7	37.5	10108	4300	17202	1366	411	-1103	1373	-197	-193	28
174.5	99.8	5.9	-2.7	37.5	10108	1881	16242	-539	-351	773	-435	-200	-189	28
176.6	99.7	2.7	-2.7	37.5	10108	-4784	14982	-375	202	-1316	-804	-198	-194	27
179.6	99.9	0.8	-2.7	37.5	10108	432	15058	-2839	74	-1646	-653	-192	-200	40
-178	99.3	0	-2.7	37.5	10108	-1158	13794	-2137	-419	-1070	-130	-187	-205	47
-176	100.1	0.5	-2.6	37.5	10108	1202	13272	-4180	64	-887	233	-185	-204	54
-174.2	100.3	0.8	-2.6	37.5	10108	-1599	16325	-3791	-52	-789	502	-186	-200	61
-171.6	101.2	0.6	-2.6	37.5	10108	370	18339	-7002	201	-1183	214	-186	-198	68
-169.4	101	0	-2.6	37.5	10108	2118	21675	-1801	78	-1208	-257	-183	-198	80
-170.4	100.3	-1.4	-2.6	37.5	10108	-2586	17016	648	166	669	-808	-177	-201	84
-170.1	99.7	-0.6	-2.6	37.5	10108	2418	18672	-166	-34	-124	130	-177	-203	82
-171.3	100.5	1.5	-2.5	37.5	10108	1717	14767	-1774	447	775	773	-180	-199	83
-173.1	100.6	3.1	-2.5	37.5	10108	544	13550	-1460	159	1076	559	-190	-190	79
-174.3	100.3	3.9	-2.5	37.5	10108	1926	13607	-2734	-227	652	248	-195	-187	74
-175.4	101	3.6	-2.5	37.5	10108	-102	13466	-4442	101	562	-169	-199	-186	71
-176.6	101	3.8	-2.5	37.5	10108	3565	16555	-3129	-101	656	-229	-199	-186	67
-178.5	101.8	5.1	-2.4	37.5	10108	3286	16285	-8151	120	1069	160	-201	-185	64
-178.5	101.3	6.5	-2.4	37.5	10108	-11771	25688	2258	-252	164	1062	-209	-182	55
-179.2	100.4	7.5	-2.4	37.5	10108	6440	18626	-588	-246	726	-16	-211	-169	58
-178.6	100.5	5.1	-2.4	37.5	10108	-3813	15843	-285	309	-413	-593	-211	-170	53
-177	100.5	2.7	-2.4	37.5	10108	-458	14536	-1726	42	-886	-887	-205	-175	59
-175.4	99.8	1.7	-2.4	37.5	10108	820	13250	-1518	-386	-757	-257	-199	-180	64
-174.4	99.8	1.6	-2.3	37.5	10108	88	13385	-3540	-206	-422	66	-197	-181	68
-173.4	100.4	2.3	-2.3	37.5	10108	-691	14104	-3902	29	-241	613	-197	-177	68
-171.7	101.9	1.7	-2.3	37.5	10108	103	17771	-6210	685	-772	-93	-197	-171	71
-170.5	102	0.7	-2.3	37.5	10108	-954	21255	-3832	234	-730	-380	-194	-169	79
-173.9	101.1	-1	-2.3	37.5	10108	-1901	17351	950	244	1917	-1398	-191	-177	77
-174.4	100.5	-0.3	-2.3	37.5	10108	1895	19231	-388	-146	150	207	-193	-178	67
-176.6	101.5	1.8	-2.3	37.5	10108	2102	14606	-2190	508	1256	607	-198	-174	63
-179.3	101.3	3.4	-2.3	37.5	10108	670	13842	-1968	38	1502	457	-205	-165	54
178.2	100.7	3.9	-2.3	37.5	10108	1101	13190	-2597	-268	1187	22	-210	-164	42
176.4	101.1	3.4	-2.3	37.5	10108	-54	13305	-4262	11	864	-401	-214	-165	35
174.5	101.5	3.9	-2.3	37.5	10108	2372	15803	-3377	86	951	-120	-215	-167	28
171.7	102.3	5	-2.3	37.5	10108	3844	17530	-8740	244	1485	-138	-217	-164	21
171.7	101.3	5.9	-2.3	37.5	10108	-10937	24167	2698	-265	148	852	-222	-161	9
169.3	99.7	6.8	-2.3	37.5	10108	6427	19042	-430	-619	1437	-262	-224	-153	8
168	99.2	4.7	-2.3	37.5	10108	-3905	15353	-414	104	609	-560	-225	-155	-3
169	99.2	1.8	-2.3	37.5	10108	-1555	14493	-1440	68	-561	-1083	-220	-163	-3
170	98.6	0.8	-2.3	37.5	10108	443	12822	-1762	-299	-565	-362	-217	-169	0
170.9	98.4	0.7	-2.3	37.5	10108	-1096	13109	-2880	-188	-338	124	-216	-170	0
172.7	98.5	1.4	-2.3	37.5	10108	-840	14726	-2908	-159	-674	646	-219	-166	2
174.8	99.7	1.1	-2.3	37.5	10108	1027	17126	-5588	406	-844	-22	-220	-164	9
177.7	100.1	0	-2.3	37.5	10108	-3182	20216	-3076	189	-1512	-189	-219	-165	19
176.8	99.3	-1.4	-2.3	37.5	10108	2283	16005	766	276	681	-1231	-215	-169	25
177.3	98.5	-1.4	-2.3	37.5	10108	1843	21855	-163	-133	-383	-93	-213	-178	22
176	99.1	0.7	-2.3	37.5	10108	1826	15057	-954	404	822	809	-215	-177	23
173.6	98.7	2.7	-2.3	37.5	10108	938	12946	-762	51	1340	700	-221	-169	15
171.7	98.3	3.4	-2.3	37.5	10108	1095	12572	-2392	-240	1021	198	-223	-167	5
170.5	98.5	2.8	-2.3	37.5	10108	-96	13206	-3794	-134	546	-332	-225	-168	2
169.2	99	3	-2.3	37.5	10108	2325	17353	-3815	148	648	-35	-225	-174	-8
167.3	99.4	3.8	-2.3	37.5	10108	2518	17516	-8331	94	1079	42	-226	-174	-11
167.2	99.6	5.3	-2.3	37.5	10108	-7037	21464	355	594	24	1121	-227	-171	-22
165.2	98.2	6.1	-2.3	37.5	10108	5287	20139	790	-407	1233	-93	-231	-166	-20
164.3	98.2	3.7	-2.3	37.5	10108	-2262	15272	-91	396	281	-781	-228	-170	-29
165.1	97.9	1.2	-2.3	37.5	10108	-1286	14071	-634	44	-465	-939	-224	-180	-28
165.8	97.1	0.2	-2.3	37.5	10108	-30	13219	-1396	-387	-315	-303	-219	-187	-24
166.9	97.4	0.3	-2.3	37.5	10108	1	13183	-3618	-24	-505	138	-219	-190	-23
168.3	97.9	0.9	-2.3	37.5	10108	-1118	14165	-3232	82	-503	546	-220	-187	-21
170.7	99.1	0.3	-2.3	37.5	10108	485	17680	-6926	566	-1073	-11	-222	-186	-12
172.8	99.4	-0.8	-2.2	37.5	10108	214	21447	-1271	576	-1454	-473	-222	-190	-2
172.8	98.6	-2.1	-2.2	37.5	10108	-2175	16786	1182	-123	135	-678	-214	-200	5
173.1	98.7	-1.3	-2.2	37.5	10108	3022	19278	-558	300	-244	13	-213	-204	6
171.3	99.6	1.3	-2.2	37.5	10108	1574	14715	-2078	566	1082	985	-215	-200	5
170.1	99	2.3	-2.2	37.5	10108	-307	13266	-894	-186	798	457	-219	-193	1
169.5	99.1	2.7	-2.2	37.5	10108	1466	12939	-3425	-82	368	129	-219	-192	-3
168.8	99.6	2.1	-2.2	37.5	10108	770	12968	-4528	-59	275	-478	-218	-194	-5
167.9	99.6	2.3	-2.2	37.5	10108	1407	17193	-3180	-250	446	16	-215	-200	-9
165.7	98.8	3.9	-2.2	37.5	10108	6316	20134	-6582	-658	1251	324	-215	-199	-13
166.5	98	5.5	-2.2	37.5	10108	-2784	18815	1768	-43	-716	1273	-216	-194	-22
165.4	96.8	5.4	-2.2	37.5	10108	2117	19352	12	-488	692	-323	-215	-190	-19
165.5	96.8	3.2	-2.2	37.5	10108	-1136	14602	-650	222	-89	-739	-212	-193	-23
167.3	96.5	0.8	-2.2	37.5	10108	-1934	13821	-534	29	-902	-760	-206	-202	-18
169.4	95.8	0.1	-2.2	37.5	10108	-412	12899	-1180	-380	-987	-175	-202	-206	-12
171.5	95.9	0.5	-2.2	37.5	10108	770	13734	-3748	-157	-984	211	-199	-205	-7
173.3	96.5	1.2	-2.2	37.5	10108	-228	14348	-3078	113	-728	591	-199	-202	0
175	97.9	0.8	-2.2	37.5	10108	22	17204	-7029	481	-850	7	-199	-201	5
175.8	98.2	-0.5	-2.2	37.5	10108	4717	22287	-362	283	-732	-859	-195	-203	13
176.2	97.1	-1.8	-2.2	37.5	10108	-4364	17743	2340	-236	-154	-427	-188	-211	15
176.2	97	-0.8	-2.2	37.5	10108	4160	17979	-275	264	11	36	-185	-212	17
174.6	97.3	1.4	-2.2	37.5	10108	2160	14397	-1331	179	898	786	-188	-209	15
172.9	96.2	2.4	-2.2	37.5	10108	-324	13835	-802	-362	912	354	-191	-207	10
171.7	96	2.6	-2.2	37.5	10108	1048	13832	-2571	-172	648	15	-193	-204	3
170.5	97.3	1.8	-2.2	37.5	10108	388	13147	-4010	310	525	-523	-191	-205	-1
169.6	98	2.2	-2.2	37.5	10108	1263	17512	-2274	150	444	112	-189	-208	-3
167.6	98.3	3.2	-2.2	37.5	10108	4644	18622	-7743	-73	1195	70	-189	-207	-7
168.8	97.9	4.9	-2.3	37.5	10108	-5191	19450	1572	-128	-753	1349	-192	-204	-12
167.5	97	5.7	-2.3	37.5	10108	5721	17375	42	-235	853	-184	-195	-197	-8
166.8	97.1	4.1	-2.3	37.5	10108	-2609	16395	-231	468	263	-412	-194	-199	-14
168.2	97.3	1.8	-2.3	37.5	10108	-1724	16208	-1014	203	-758	-722	-190	-203	-11
170.1	96.7	0.7	-2.3	37.5	10108	-174	13174	-925	-163	-942	-350	-185	-208	0
171.7	96.4	0.5	-2.3	37.5	10108	-418	13558	-2358	-292	-721	72	-183	-210	-1
173.3	96.6	1.5	-2.3	37.5	10108	-227	14278	-3674	-143	-643	659	-184	-209	1
174.9	97.1	1.7	-2.4	37.5	10108	-506	16386	-2030	55	-800	234	-186	-204	6
177.4	98.4	0.6	-2.4	37.5	10108	-3987	17829	-6620	209	-1258	34	-185	-204	13
177.9	97.9	-0.2	-2.4	37.5	10108	7240	19228	712	-260	-183	-785	-181	-207	22
178.7	97	-1.1	-2.4	37.5	10108	-3702	15864	414	46	-330	-188	-177	-213	21
179.5	97.1	-0.4	-2.4	37.5	10108	4141	18229	2	303	-353	-116	-174	-213	25
178.8	97.5	1.5	-2.5	37.5	10108	2755	15955	-1508	311	381	769	-175	-210	28
176.7	97.4	3	-2.5	37.5	10108	1406	13912	-1098	163	1138	391	-178	-206	25
175.1	97.1	3.3	-2.5	37.5	10108	1103	14521	-1829	-129	871	-2	-181	-205	17
173.9	97.4	2.7	-2.5	37.5	10108	499	14103	-3441	10	540	-352	-180	-206	13
173.4	97.3	1.9	-2.5	37.5	10108	913	16048	-3485	-127	207	-410	-177	-210	10
171.9	97.2	2.1	-2.5	37.5	10108	922	15300	-4944	-352	614	-144	-176	-212	7
168.2	97.1	2.7	-2.5	37.5	10108	1639	18820	-5102	-186	1991	-2	-175	-213	-2
167.5	96.5	4.2	-2.5	37.5	10108	-4434	20840	2917	-119	350	992	-176	-210	-13
165.5	95.5	6	-2.5	37.5	10108	5844	16051	525	-239	1279	278	-181	-203	-12
164.3	95.2	4.6	-2.5	37.5	10108	-2360	15403	890	187	637	-316	-180	-201	-21
166.5	95.6	1.8	-2.5	37.5	10108	-3257	16380	93	346	-1133	-809	-174	-206	-19
168.7	95.7	0.9	-2.5	37.5	10108	2474	16178	-1574	45	-1059	-469	-169	-210	-10
170	95.6	0.2	-2.5	37.5	10108	-632	15020	-1965	-89	-660	-256	-166	-213	-7
171.5	95.9	0.6	-2.5	37.5	10108	-223	14328	-3037	-46	-648	310	-165	-213	-3
173.3	96.4	1.4	-2.5	37.5	10108	-997	15244	-2595	168	-736	660	-166	-210	1
175.6	97.2	2	-2.5	37.5	10108	-90	15354	-3687	184	-968	536	-168	-204	7
179.6	98.5	1.5	-2.5	37.5	10108	-2654	18114	-5696	466	-2045	189	-168	-201	17
-178.2	97.9	1.7	-2.5	37.5	10108	4307	19674	-2010	-307	-967	44	-165	-199	28
-177.4	97.1	0.4	-2.5	37.5	10108	-131	18576	-296	-161	-411	-690	-161	-201	31
-176.4	96.1	1.1	-2.5	37.5	10108	3208	14638	-420	-267	-423	168	-157	-203	32
-175.8	95.7	1.7	-2.4	37.5	10108	1678	14754	-29	84	-263	134	-156	-200	32
-175.3	95.8	2.3	-2.4	37.5	10108	2582	15431	-176	233	-238	55	-155	-200	36
-175.9	96.1	2.6	-2.4	37.5	10108	2064	15923	-601	301	311	-18	-155	-197	36
-176.6	96.5	2.9	-2.4	37.5	10108	1910	16122	-919	305	315	-39	-156	-196	35
-177.4	96.9	3.2	-2.4	37.5	10108	1532	16724	-1578	327	454	13	-156	-196	34
-177.9	97.3	3.2	-2.4	37.5	10108	1245	15974	-1819	239	221	-70	-156	-194	33
-179	98.3	3.1	-2.4	37.5	10108	1991	15508	-3180	512	594	-214	-155	-194	32
179.6	99.8	3.4	-2.3	37.5	10108	2317	15050	-3586	692	284	2	-156	-195	32
178	100.3	3.5	-2.3	37.5	10108	-870	15029	-1398	486	852	69	-159	-193	29
178.2	100.5	2.7	-2.3	37.5	10108	-1140	16460	-2186	200	-137	-221	-158	-193	28
177.8	100.4	2.8	-2.3	37.5	10108	2732	17117	-3648	-5	192	-156	-156	-193	30
176.7	100.2	2.5	-2.3	37.5	10108	-439	15758	-2631	-8	547	-123	-158	-195	27
176.4	100.1	2.3	-2.3	37.5	10108	234	16252	-4022	-86	147	-48	-157	-195	24
176.2	99.7	2.4	-2.3	37.5	10108	163	15936	-3416	-202	135	51	-158	-195	22
176.2	99.4	2.4	-2.3	37.5	10108	20	16061	-3244	-222	24	75	-158	-195	20
176.2	99.4	2.4	-2.3	37.5	10108	723	15951	-3582	-23	19	10	-159	-195	21
175.9	99.5	2.3	-2.3	37.5	10108	282	16209	-3740	20	156	-70	-158	-196	21
175.5	99.5	2.1	-2.3	37.5	10108	306	15698	-2892	51	146	-101	-157	-196	19
175.1	99.7	2	-2.3	37.5	10108	748	15913	-3379	45	238	-73	-157	-197	17
174.7	99.9	2.1	-2.3	37.5	10108	352	15976	-3663	58	216	27	-158	-196	17
174.8	100.2	2.1	-2.3	37.5	10108	65	16146	-3744	156	-43	85	-157	-197	16
175.4	100.4	2	-2.3	37.5	10108	407	16287	-3620	62	-316	81	-158	-196	18
176	100.4	2	-2.3	37.5	10108	631	15872	-3776	24	-275	36	-157	-196	23
176.4	100.4	1.9	-2.3	37.5	10108	612	16121	-3569	-33	-163	-1	-156	-195	22
176.4	100.4	1.9	-2.3	37.5	10108	749	16143	-3530	-1	2	-25	-156	-196	21
176.1	100.5	1.9	-2.3	37.5	10108	680	15918	-3764	62	118	-47	-156	-195	20
175.5	100.6	1.9	-2.3	37.5	10108	685	16216	-3155	78	244	-48	-157	-196	18
175	100.6	1.7	-2.3	37.5	10108	250	16050	-3730	33	274	-78	-156	-196	18
174.7	100.6	1.7	-2.3	37.5	10108	249	15977	-3329	55	129	-31	-157	-196	17
174.6	100.7	1.7	-2.3	37.5	10108	323	15793	-3501	41	4	19	-156	-196	17
174.6	100.7	1.8	-2.3	37.5	10108	286	15935	-3706	5	-3	77	-156	-197	15
174.5	100.8	1.8	-2.3	37.5	10108	243	15914	-3580	54	17	39	-157	-196	16
174.5	100.9	1.9	-2.4	37.5	10108	420	16056	-3654	53	-1	34	-158	-195	16
174.3	100.9	1.9	-2.4	37.5	10108	523	15815	-3817	22	67	-6	-157	-195	16
174.1	101	1.9	-2.4	37.5	10108	310	15926	-3721	57	105	15	-157	-196	16
173.9	101.2	1.9	-2.4	37.5	10108	511	16036	-3698	92	63	-15	-157	-196	15
173.7	101.4	1.9	-2.4	37.5	10108	587	16122	-3852	93	110	15	-157	-197	15
173.6	101.4	1.9	-2.4	37.5	10108	517	15933	-3660	39	16	3	-157	-195	14
173.9	101.5	1.9	-2.4	37.5	10108	383	15929	-3691	63	-162	42	-157	-195	15
174.5	101.5	1.9	-2.5	37.5	10108	372	16142	-3496	27	-315	97	-156	-196	17
175.2	101.5	2	-2.5	37.5	10108	796	16318	-3824	47	-297	103	-157	-195	18
175.4	101.6	2	-2.5	37.5	10108	1026	15866	-3608	53	-181	12	-156	-194	20
175.4	101.6	2	-2.5	37.5	10108	749	15928	-3637	14	26	-35	-158	-193	21
175.3	101.6	1.9	-2.5	37.5	10108	246	16167	-3643	50	-11	-14	-157	-193	20
175.4	101.7	1.8	-2.5	37.5	10108	593	15905	-3920	60	-99	-26	-157	-194	20
175.4	101.8	1.7	-2.5	37.5	10108	513	15862	-3757	64	7	-23	-156	-194	19
175.1	101.9	1.6	-2.5	37.5	10108	819	16145	-3922	76	68	-128	-157	-194	20
175.1	101.8	1.4	-2.5	37.5	10108	-262	16110	-3726	-79	-59	-32	-156	-195	20
175.6	101.7	1.3	-2.5	37.5	10108	515	16115	-4230	-71	-264	-30	-154	-196	20
175.7	101.7	1.4	-2.6	37.5	10108	1108	15635	-3978	9	-81	52	-156	-196	23
175.6	101.7	1.5	-2.6	37.5	10108	261	15932	-4064	14	99	42	-156	-195	21
175.9	101.5	1.4	-2.6	37.5	10108	366	16000	-3802	-61	-217	13	-156	-195	20
175.9	101.5	1.6	-2.6	37.5	10108	654	15500	-3941	-12	-24	82	-155	-196	21
175.5	101.6	1.7	-2.6	37.5	10108	296	15777	-3784	70	155	22	-156	-194	21
175.2	101.5	1.8	-2.6	37.5	10108	281	16120	-3628	-7	129	16	-157	-195	19
175	101.5	1.8	-2.6	37.5	10108	352	15801	-3794	-2	37	28	-157	-195	20
174.8	101.5	1.9	-2.6	37.5	10108	642	15963	-3774	28	69	34	-157	-194	19
174.5	101.4	2	-2.6	37.5	10108	568	15990	-3719	-18	90	60	-156	-195	17
174.3	101.5	2.1	-2.6	37.5	10108	571	15711	-3582	62	97	25	-158	-195	16
174.3	101.6	2.1	-2.6	37.5	10108	557	16020	-3577	122	-20	3	-158	-194	16
174.7	101.7	2.1	-2.6	37.5	10108	751	16008	-3532	76	-214	62	-158	-194	18
175	102	2.4	-2.6	37.5	10108	911	15722	-3757	182	-166	118	-158	-193	19
174.9	102.3	2.6	-2.6	37.5	10108	849	16217	-4127	158	5	104	-159	-192	21
174.5	102.3	2.6	-2.6	37.5	10108	928	15937	-3989	0	179	-22	-158	-191	21
173.5	102.2	2.7	-2.6	37.5	10108	628	15797	-4052	30	442	-48	-159	-193	19
172.9	102.3	2.6	-2.6	37.5	10108	565	15828	-3958	77	261	-88	-159	-193	17
172.8	102.5	2.5	-2.5	37.5	10108	574	16161	-3945	95	26	19	-159	-193	17
173	102.5	2.6	-2.5	37.5	10108	815	15971	-3888	51	-113	60	-159	-193	17
173.3	102.5	2.6	-2.5	37.5	10108	753	15800	-4088	-2	-190	71	-159	-192	19
173.5	102.6	2.7	-2.5	37.5	10108	926	15964	-3981	39	-125	56	-159	-192	19
173.7	102.6	2.7	-2.5	37.5	10108	766	15837	-4014	32	-134	54	-159	-192	18
173.8	102.7	2.8	-2.5	37.5	10108	789	15826	-4044	44	-102	49	-159	-192	20
173.9	102.8	2.9	-2.5	37.5	10108	1031	15875	-4039	65	-66	39	-160	-190	21
173.9	102.9	2.9	-2.5	37.5	10108	894	15826	-4044	46	-48	24	-160	-191	21
173.9	102.9	3	-2.5	37.5	10108	1036	15906	-4062	40	-29	17	-161	-191	21
173.8	103	3	-2.5	37.5	10108	860	15895	-4092	52	0	7	-160	-190	21
173.7	103	3	-2.5	37.5	10108	982	15767	-4045	45	17	-23	-160	-191	22
173.6	103	3	-2.5	37.5	10108	935	16022	-4130	22	60	-2	-160	-190	22
173.4	103	3	-2.5	37.5	10108	818	15838	-4014	27	32	-14	-160	-190	22
173.3	103	2.9	-2.5	37.5	10108	930	15850	-4061	33	-5	-13	-161	-191	21
173.2	103.1	2.9	-2.5	37.5	10108	926	15885	-4066	26	17	-2	-160	-191	21
173.1	103.1	2.9	-2.5	37.5	10108	876	15898	-4061	27	28	-11	-160	-192	28
173	103.1	2.9	-2.5	37.5	10108	840	15889	-4032	28	4	-11	-159	-190	22
173	103.1	2.9	-2.5	37.5	10108	899	15845	-4042	24	-26	-1	-160	-191	21
172.9	103.1	2.9	-2.5	37.5	10108	872	15864	-4004	24	-12	-3	-160	-190	20
172.9	103.1	2.8	-2.5	37.5	10108	739	16034	-4187	4	-7	-2	-160	-192	21
172.8	103.1	2.8	-2.5	37.5	10108	851	15849	-4045	46	-8	-6	-159	-192	21
172.7	103.2	2.8	-2.5	37.5	10108	863	15840	-4054	52	-8	-16	-159	-192	22
172.6	103.3	2.8	-2.5	37.5	10108	820	15960	-4175	41	9	-10	-160	-191	20
172.6	103.3	2.8	-2.5	37.5	10108	834	15852	-4047	47	-3	-11	-159	-191	21
172.5	103.4	2.8	-2.5	37.5	10108	804	15896	-4094	41	3	-5	-160	-192	21
172.4	103.4	2.7	-2.5	37.5	10108	725	15868	-4226	30	-12	-4	-160	-190	21
172.4	103.4	2.7	-2.5	37.5	10108	780	15942	-4267	-3	-6	12	-160	-192	21
172.3	103.4	2.7	-2.5	37.5	10108	659	15814	-4237	17	-11	-5	-160	-192	22
172.3	103.5	2.7	-2.5	37.5	10108	774	15767	-4254	49	-29	8	-159	-191	21
172.2	103.6	2.7	-2.5	37.5	10108	790	15912	-4214	65	3	7	-160	-192	21
172.2	103.7	2.7	-2.5	37.5	10108	794	15855	-4144	49	-12	4	-160	-191	23
172.2	103.8	2.7	-2.6	37.5	10108	810	15914	-4223	36	-25	1	-158	-192	22
172.1	103.8	2.7	-2.6	37.5	10108	797	15895	-4170	22	-20	7	-159	-191	21
172.1	103.8	2.7	-2.6	37.5	10108	735	15912	-4255	12	-32	18	-159	-191	22
172.2	103.8	2.7	-2.6	37.5	10108	810	15817	-4250	12	-61	9	-159	-191	22
172.2	103.8	2.7	-2.6	37.5	10108	776	15802	-4356	-12	-60	5	-160	-191	22
172.2	103.8	2.7	-2.6	37.5	10108	914	15855	-4165	29	-14	-1	-160	-192	22
172.1	103.8	2.8	-2.6	37.5	10108	868	15818	-4188	32	14	4	-159	-192	22
172	103.8	2.8	-2.6	37.5	10108	751	15853	-4170	17	12	2	-159	-192	22
171.9	103.8	2.8	-2.6	37.5	10108	874	15804	-4179	25	3	-1	-160	-191	22
171.8	103.8	2.8	-2.6	37.5	10108	812	15941	-4171	2	-3	8	-160	-191	23
171.7	103.8	2.8	-2.6	37.5	10108	805	15894	-4162	1	2	4	-160	-192	22
171.7	103.8	2.8	-2.6	37.5	10108	853	15819	-4136	5	-27	6	-159	-191	22
