11.8	103.9	1	-3.2	37.3	10109	0	0	0	0	0	0	0	0	0
11.8	103.9	0.9	-3.2	37.3	10109	154	15858	-4050	38	-14	-4	223	-209	2
11.8	104	0.9	-3.2	37.3	10109	293	15964	-4070	33	22	-10	223	-208	2
11.7	104	0.9	-3.2	37.3	10109	183	15911	-4029	29	44	-11	223	-208	3
11.6	104	0.9	-3.2	37.3	10109	119	16002	-4045	18	51	0	224	-209	3
11.5	104	0.9	-3.2	37.3	10109	127	15875	-3953	37	47	-1	224	-208	3
11.4	103.9	0.9	-3.2	37.3	10109	84	15970	-3974	-17	25	-7	223	-207	4
11.4	103.9	0.8	-3.2	37.3	10109	224	15766	-3920	-19	-26	-12	224	-209	8
11.8	103.8	0.7	-3.2	37.3	10109	82	15906	-4065	-1	-176	-16	224	-208	3
12.5	103.7	0.5	-3.2	37.3	10109	216	15852	-4006	-49	-374	-41	224	-208	2
13.1	103.5	0.3	-3.2	37.3	10109	353	16035	-3783	-59	-330	-36	226	-207	-2
13.7	103.6	0	-3.1	37.3	10109	-47	16148	-3966	69	-315	-57	225	-207	-3
13.5	103.5	0	-3.1	37.3	10109	657	16261	-4294	-103	54	-84	227	-208	-6
12.8	103.3	0	-3.1	37.3	10109	243	15474	-3906	-104	306	-129	226	-206	-4
12.1	103.2	-0.1	-3.1	37.3	10109	-182	16046	-3858	-42	336	-158	226	-205	-3
11.7	103	-0.3	-3.1	37.3	10109	-460	16146	-3641	-76	167	-87	227	-204	0
11.5	102.9	-0.4	-3.1	37.3	10109	-347	15804	-3790	-20	64	-60	227	-204	0
11.5	102.8	-0.5	-3.1	37.3	10109	-456	16088	-3814	-50	-8	-3	227	-205	0
12	102.5	-0.6	-3.1	37.3	10109	-462	15991	-3641	-95	-257	1	228	-204	-2
12.6	102.3	-0.9	-3.1	37.3	10109	-187	15814	-3410	-63	-329	-48	229	-203	-4
12.9	102.2	-0.9	-3.1	37.3	10109	-112	16137	-3719	-56	-188	-32	228	-204	-6
12.6	101.9	-0.8	-3.1	37.3	10109	-139	16258	-3393	-141	141	35	229	-204	-6
12	101.5	-0.6	-3.1	37.3	10109	-440	16178	-3228	-164	310	16	228	-205	-6
11.1	101	-0.6	-3.1	37.3	10109	-409	15980	-3069	-220	420	-65	227	-205	-4
10.3	100.8	-0.6	-3.1	37.3	10109	-119	16473	-3236	-90	406	-40	227	-204	-2
9.9	100.7	-0.7	-3.1	37.3	10109	-946	15807	-3081	-34	176	-17	227	-204	-1
10.1	100.9	-0.7	-3.1	37.3	10109	-598	16050	-3356	87	-107	29	226	-203	0
10.5	101	-0.5	-3.1	37.3	10109	-174	16432	-2901	68	-225	107	226	-202	-2
10.5	100.6	-0.3	-3.1	37.3	10109	762	16475	-3350	-182	19	60	225	-204	-2
10.1	100.2	-0.2	-3.1	37.3	10109	-189	15853	-2926	-189	209	16	225	-205	-2
10.1	99.7	-0.2	-3.1	37.3	10109	-504	16250	-2932	-218	-21	31	225	-205	-3
10.6	99.5	-0.1	-3.1	37.3	10109	-66	16172	-2974	-108	-281	57	225	-206	-5
11	99.5	0.1	-3.1	37.3	10109	712	15975	-2942	-7	-187	70	224	-206	-6
10.9	99.6	0.4	-3.2	37.3	10109	833	15957	-2764	48	15	69	224	-207	-8
10.6	99.6	0.7	-3.2	37.3	10109	335	16231	-2909	9	193	74	223	-207	-7
10.5	99.5	0.8	-3.2	37.3	10109	319	15953	-2988	-28	16	45	223	-208	-5
10.9	99.4	0.8	-3.2	37.3	10109	453	16061	-3124	-92	-185	5	223	-208	-7
11.1	99.1	0.6	-3.2	37.3	10109	-2	16053	-2792	-178	-193	-71	223	-207	-9
10.8	98.8	0	-3.3	37.3	10109	-324	16347	-2744	-162	166	-209	224	-207	-10
10.8	98.7	-0.9	-3.3	37.3	10109	-2437	16340	-3306	-127	-40	-287	224	-205	-9
11.6	98.7	-1.8	-3.3	37.3	10109	-1636	16181	-3967	-85	-506	-261	225	-205	-12
11.9	98.7	-2.6	-3.3	37.3	10109	-1641	14560	-3221	-155	-189	-251	227	-201	-16
12.6	98.9	-2.9	-3.3	37.3	10109	-2038	15278	-4427	-75	-297	102	227	-201	-18
14.3	99	-2.7	-3.3	37.3	10109	-2177	15632	-4695	-94	-825	361	225	-202	-23
16.7	98.7	-2.5	-3.3	37.3	10109	-2421	15638	-3602	-327	-1052	456	224	-205	-31
18.8	99	-2.4	-3.3	37.3	10109	-2317	16594	-5376	-87	-936	404	219	-208	-41
20.3	98.7	-1.9	-3.4	37.3	10109	1032	18701	-2472	-106	-686	239	215	-211	-48
20.3	98.7	-2.6	-3.4	37.3	10109	-2477	17702	-1416	199	147	-391	216	-210	-49
21.8	98.1	-1.7	-3.4	37.3	10109	3369	17216	274	-55	-804	266	214	-210	-53
21.3	97.7	-0.6	-3.4	37.3	10109	2018	15184	-188	57	221	163	211	-211	-57
19.3	98.1	1.4	-3.4	37.3	10109	3437	15603	-1225	359	1078	522	210	-214	-52
18	98.1	2	-3.4	37.3	10109	-929	15147	-957	131	680	320	208	-217	-44
16.9	98.1	2.6	-3.4	37.3	10109	2711	15122	-1804	118	571	-88	206	-219	-42
15.1	98.2	2.7	-3.4	37.3	10109	1238	15038	-2602	103	847	-171	206	-219	-37
13.6	98.3	2.6	-3.4	37.3	10109	1245	15137	-2662	70	776	-275	209	-219	-32
12.4	99	2.4	-3.4	37.3	10109	815	15150	-3693	256	571	-207	209	-216	-29
10.7	100.1	2.6	-3.4	37.3	10109	1214	15489	-4674	352	852	-219	209	-215	-23
8.4	100.9	2.6	-3.3	37.3	10109	1474	16148	-5660	350	1208	-324	210	-214	-15
8.4	101	2.7	-3.3	37.3	10109	-5252	23854	103	393	163	304	211	-214	-9
8.2	100.2	4.4	-3.3	37.3	10109	5720	15647	125	-64	296	396	207	-218	-8
8.1	99.8	3.2	-3.3	37.3	10109	-4500	18369	-678	207	34	-125	206	-221	-7
9.3	99.8	1.1	-3.3	37.3	10109	158	16070	-1848	133	-759	-851	210	-217	-7
10.9	99.2	-0.7	-3.3	37.3	10109	-582	12933	-932	-83	-905	-674	216	-213	-12
12.1	99.1	-1	-3.3	37.3	10109	20	15952	-2155	58	-578	-91	219	-210	-17
13	99.5	-1	-3.3	37.3	10109	-902	15714	-3313	168	-399	142	219	-212	-21
13.7	99.6	-0.7	-3.3	37.3	10109	-694	16058	-3008	136	-235	235	219	-212	-22
15.1	99.5	-0.6	-3.3	37.3	10109	-834	14805	-2829	99	-607	222	218	-215	-24
17.3	99.2	-1	-3.3	37.3	10109	-1570	13507	-2002	-88	-1147	189	217	-217	-29
19.5	100.1	-1.1	-3.3	37.3	10109	-1057	10450	-4382	134	-888	16	217	-219	-38
21.2	100.9	0.3	-3.3	37.3	10109	820	14519	-4661	93	-620	778	214	-222	-43
22.1	101.5	1.3	-3.3	37.3	10109	-499	14003	-4629	-163	-327	617	212	-229	-47
21.6	101.8	1.4	-3.3	37.3	10109	457	13243	-5451	365	380	-130	211	-234	-42
19.8	101.4	0.8	-3.3	37.3	10109	4344	23155	306	836	876	-805	216	-233	-44
18.1	103.3	0.8	-3.3	37.3	10109	71	22524	-5996	1307	640	-363	222	-230	-37
14.2	103.9	2.5	-3.3	37.3	10109	-554	23213	-5068	723	2378	414	223	-231	-22
12.1	101.7	3.9	-3.3	37.3	10109	1625	14320	-1832	-767	1051	447	220	-236	-11
11	100.6	4.2	-3.4	37.3	10109	-630	11598	-2791	-455	639	256	217	-240	-7
11.1	100.9	3.3	-3.4	37.3	10109	-97	7850	-4255	-135	0	-361	218	-241	-7
11	101.4	2.4	-3.4	37.3	10109	2332	12701	-3873	184	-33	-786	224	-238	-8
11	101.4	1.8	-3.4	37.3	10109	2362	14551	-3518	146	106	-372	229	-236	-7
12.4	102.6	1.3	-3.4	37.3	10109	-1226	12298	-5126	514	-746	71	234	-237	-9
12.7	102.1	2.1	-3.4	37.3	10109	2883	20214	-294	105	27	300	238	-239	-12
13.7	104.5	2.6	-3.4	37.3	10109	-794	21123	-7251	1594	-660	440	239	-246	-11
14.2	104.8	1.7	-3.4	37.3	10109	-5479	23942	-5320	125	-146	-167	241	-246	-6
13.5	104.1	1.6	-3.5	37.3	10109	3574	18864	-4600	-145	376	-280	243	-246	-6
12.6	102.2	1	-3.5	37.3	10109	-1883	13310	-2045	-732	386	-190	245	-245	-4
12.7	102.2	0.6	-3.5	37.3	10109	-1031	9915	-3167	-99	-24	110	246	-246	-4
14.3	103	0.1	-3.5	37.3	10109	-1922	9749	-3689	68	-779	256	246	-247	-5
15.9	104.5	0.2	-3.5	37.3	10109	-601	12264	-4978	440	-766	328	248	-250	-8
16.7	105.9	-0.1	-3.5	37.3	10109	-1083	12474	-4272	515	-301	45	251	-252	-9
15.5	106	0	-3.5	37.3	10109	5416	22700	-1960	152	721	-508	255	-250	-8
14.4	107.3	-0.3	-3.5	37.3	10109	-3950	23432	-6234	1108	583	-201	260	-247	3
12.6	107.3	0.4	-3.5	37.3	10110	5266	23195	-7183	505	1009	-32	264	-242	9
12	105.2	0.9	-3.5	37.3	10110	-527	18485	-3831	-840	144	81	261	-244	16
11	103.4	2.3	-3.5	37.3	10110	2101	13265	-3465	-928	638	416	257	-247	16
10.5	102.7	2.2	-3.5	37.3	10110	391	10944	-3516	-534	189	-127	254	-250	16
10.7	102.5	1.5	-3.5	37.3	10110	1648	10988	-3593	-330	-224	-559	256	-248	16
11.5	102.6	0.9	-3.5	37.3	10110	478	10743	-3307	-192	-504	-94	260	-247	12
13.6	103.6	-0.3	-3.6	37.3	10110	-700	13630	-5166	152	-1306	-279	267	-245	8
15.3	104.3	-0.1	-3.6	37.3	10110	2549	13818	-5307	464	-778	-60	273	-242	2
16.5	103.5	0.7	-3.6	37.3	10110	53	20662	2533	176	-265	667	275	-246	-1
17.9	106.6	0	-3.6	37.3	10110	3185	22523	-7548	1752	-948	-188	275	-250	0
19.3	107	-1	-3.6	37.3	10110	-1297	22350	-5414	339	-937	-53	279	-244	0
19.5	104.9	-1.4	-3.6	37.3	10110	-574	14152	-2012	-1005	-251	-214	279	-243	-4
19.2	103	-1.1	-3.6	37.3	10110	-688	10806	-2049	-968	160	234	277	-243	-8
19.5	103	-1.3	-3.7	37.3	10110	-1335	9165	-3161	-177	-244	126	276	-245	-10
19.7	103.4	-0.8	-3.7	37.3	10110	677	10334	-4400	-68	-157	153	274	-247	-10
19	105.5	0	-3.7	37.3	10110	1028	13294	-6548	742	299	423	273	-247	-10
16.5	105.3	-0.5	-3.7	37.3	10110	1584	19868	-2637	89	1166	-700	274	-243	0
16.2	105.9	-1.7	-3.7	37.3	10110	-1194	23284	-4250	1034	112	-599	277	-235	8
16.4	106.1	-0.9	-3.7	37.3	10110	6263	25991	-6918	356	-276	120	277	-231	9
15.7	104.9	0.5	-3.8	37.3	10110	-101	17337	-1837	-276	317	701	270	-233	13
15	102.7	1.7	-3.8	37.3	10110	656	12393	-2121	-967	301	416	263	-240	13
13.2	103.2	1.5	-3.8	37.3	10110	-352	4601	-3252	-185	926	-250	260	-242	14
10.9	104.1	0.7	-3.8	37.3	10110	3816	10030	-3452	136	854	-1094	263	-236	19
11	105.7	-0.3	-3.8	37.3	10110	-1085	13712	-3874	421	-242	-253	265	-228	27
13	104.9	-0.4	-3.9	37.3	10110	-3950	22860	1004	-527	-1161	627	268	-221	27
13.4	107.3	0.3	-3.9	37.3	10110	4454	22899	-7768	1467	-377	70	265	-223	24
13.1	108.1	-0.6	-3.9	37.3	10110	-6233	22478	-5449	859	-149	-253	261	-221	31
13.3	106.8	-1.4	-3.9	37.3	10110	-648	17476	-2357	-445	-220	-224	259	-219	31
13.2	104.4	-1.9	-3.9	37.3	10110	-310	11727	-1585	-924	-120	-171	258	-219	23
12.6	103.5	-1.4	-3.9	37.3	10110	-115	10424	-2060	-405	277	144	256	-219	18
12.5	104	-1.2	-3.9	37.3	10110	-2206	11478	-3679	-12	65	341	250	-221	20
12.8	105.2	-0.7	-4	37.3	10110	-133	12052	-5049	361	-204	279	246	-223	21
12.2	107.6	-0.2	-4	37.3	10110	-61	12183	-5408	938	276	188	240	-222	21
10.9	107.7	-1.1	-4	37.3	10110	-3304	17336	-2926	76	346	-379	237	-219	27
10.5	107.2	-1.8	-4	37.3	10110	1528	23795	817	-14	-81	-427	235	-213	26
9.8	108.1	-1.5	-4	37.3	10110	1750	24414	-7599	499	110	86	236	-206	27
8	107.3	-0.2	-4.1	37.3	10110	-605	20194	-3758	-229	1068	274	231	-207	33
7.5	105.3	1.1	-4.1	37.3	10110	516	14398	-2302	-742	328	556	225	-213	34
7	103.9	1.6	-4.1	37.3	10110	829	11540	-2014	-741	253	142	220	-219	32
6.4	104.2	1.1	-4.1	37.3	10110	662	8651	-4156	-83	135	-352	217	-216	32
5.8	103.8	0.4	-4.1	37.3	10110	2637	12079	-2852	-216	139	-701	218	-214	29
7.5	105	-1.1	-4.1	37.3	10110	-4491	9920	-4668	392	-1008	-111	218	-210	28
9.1	104	-0.8	-4.1	37.3	10110	1026	24560	-1045	-358	-686	239	219	-207	21
10.7	107.3	0.2	-4.2	37.3	10110	325	20338	-6883	1927	-969	649	216	-209	18
10.7	107.8	0	-4.2	37.3	10110	-5918	24574	-6551	344	125	-19	212	-210	21
10.5	106.2	-1	-4.2	37.3	10110	-492	20098	-3724	-406	1	-467	211	-209	20
10.7	103.5	-1.7	-4.2	37.3	10110	-698	13102	-1884	-746	-189	-205	211	-209	15
11.2	101.7	-2.1	-4.2	37.3	10110	-1954	10475	-676	-815	-249	119	212	-210	7
12.3	102.8	-1.9	-4.2	37.3	10110	265	8703	-4664	294	-590	103	209	-211	3
13.1	103.6	-0.5	-4.2	37.3	10110	-474	11375	-3503	181	-251	953	205	-215	0
12.1	104.1	0.4	-4.2	37.3	10110	882	13047	-3748	-196	678	301	201	-217	0
11	104.4	0	-4.2	37.3	10110	1620	19158	-2021	235	455	-420	196	-218	3
8.7	106.2	-0.7	-4.3	37.3	10110	5944	27868	-7689	1409	1089	-1038	197	-213	8
7.5	106	0.4	-4.3	37.3	10110	7006	23188	-6175	125	570	234	194	-209	17
5.7	104.5	1.3	-4.3	37.3	10110	-2888	17482	-1563	-163	1054	463	192	-211	24
5.4	103.1	2.4	-4.3	37.3	10110	1242	13242	-2379	-342	168	383	186	-215	24
4.4	101.9	2.9	-4.3	37.3	10111	1210	11527	-2414	-695	572	37	183	-218	22
3.9	101.7	2.1	-4.3	37.3	10111	134	11929	-4010	-197	176	-460	182	-218	22
4.2	101.6	1.2	-4.3	37.3	10111	732	12243	-3170	-104	-211	-329	183	-216	20
5.6	102.9	0.1	-4.3	37.3	10111	-24	13424	-5404	577	-793	-320	187	-213	18
6	104.4	0.5	-4.3	37.3	10111	2563	14154	-6266	822	-62	-220	188	-210	16
6.4	103	1.4	-4.4	37.3	10111	-713	20319	1425	-285	-221	663	185	-210	16
6.2	105.6	1.9	-4.4	37.3	10111	6061	17458	-6776	2091	-162	113	181	-212	16
5	105.9	1.4	-4.4	37.3	10111	-4822	22701	-6156	88	527	-208	180	-209	24
3.4	104.5	1.2	-4.4	37.3	10111	-664	18339	-4006	-615	785	-165	179	-208	26
2.1	102.6	0.9	-4.4	37.3	10111	-934	12971	-2490	-745	706	-92	178	-209	28
1.2	102.6	1	-4.4	37.3	10111	-1056	10462	-3547	-106	483	130	176	-211	27
0.2	103.3	2	-4.4	37.3	10111	-225	12195	-5101	189	667	434	172	-212	29
-2.1	103.9	3.4	-4.4	37.3	10111	150	12087	-4739	253	1338	428	167	-215	35
-5.1	106.1	4	-4.5	37.3	10111	-1291	11330	-7252	826	1649	139	159	-215	42
-8	107.2	3	-4.5	37.3	10111	-4499	13024	-7411	927	1495	-407	153	-212	53
-12.1	105.1	1.5	-4.5	37.3	10111	5448	20169	2006	5	1519	-1691	151	-208	61
-18.5	105.2	0.4	-4.5	37.3	10111	-1757	27729	-5655	242	2793	-1612	155	-197	68
-27.9	103.8	2.4	-4.5	37.3	10111	3930	20919	-4669	-421	4676	-556	141	-194	84
-37	101.6	3.5	-4.5	37.3	10111	-1005	13871	-2888	-730	4500	-234	118	-196	101
-45.6	99.6	4	-4.5	37.3	10111	-342	11985	-2840	-593	4247	-202	95	-200	111
-51.5	98.8	3.3	-4.5	37.3	10111	-251	12667	-3555	-337	2881	-634	77	-202	118
-55.8	98.9	2.3	-4.6	37.3	10111	512	15375	-5478	-3	1914	-643	66	-201	121
-61.1	99.6	2	-4.6	37.3	10111	845	15082	-5952	207	2423	-573	58	-201	123
-68.3	100.4	2	-4.6	37.3	10111	1060	17020	-7614	500	3694	-548	43	-200	129
-72.2	99.8	2.1	-4.6	37.3	10111	-6500	21305	971	92	1824	248	24	-201	132
-78.8	99.3	2.9	-4.6	37.3	10111	7588	19719	-3472	89	3117	-698	17	-198	133
-86	97.5	2.1	-4.6	37.3	10111	-3820	15462	-4	-447	3303	-293	-5	-202	130
-90.6	97	-0.4	-4.6	37.3	10111	-3047	15908	-2104	-179	2086	-1283	-14	-205	127
-95.7	96.1	-0.9	-4.6	37.3	10111	1200	13397	-2371	-482	2269	-629	-19	-209	124
-100.7	95.5	-1.5	-4.6	37.3	10111	-3278	14737	-2231	-333	2308	-340	-31	-212	118
-104.5	95.4	-1.2	-4.6	37.3	10111	-3045	14582	-3365	-242	1791	136	-40	-215	115
-106.5	95.3	0.4	-4.7	37.3	10111	-2913	14204	-2417	-121	819	973	-52	-215	111
-108.3	96.4	0.9	-4.7	37.3	10111	-1749	16720	-4401	408	919	270	-60	-214	110
-108.4	97.6	0.4	-4.7	37.3	10111	-3761	17610	-3083	860	-198	-49	-63	-211	115
-112.2	98.3	0	-4.7	37.3	10111	2754	19116	24	971	1932	-921	-63	-209	118
-114.6	98	1	-4.7	37.3	10111	920	17326	313	364	710	352	-72	-207	118
-118.5	98	2.5	-4.7	37.3	10111	1661	16967	-906	393	1881	93	-79	-206	117
-124.1	97.5	4.3	-4.7	37.3	10111	2960	15920	-2200	4	2557	230	-93	-203	113
-130.6	96.8	5.5	-4.7	37.3	10111	973	14401	-2134	18	3120	148	-109	-204	104
-136.7	96.5	5.3	-4.7	37.3	10111	-1190	14816	-3130	209	2847	-184	-125	-204	92
-140.3	96.8	4.7	-4.8	37.3	10111	-226	14480	-3820	292	1384	-343	-133	-204	85
-144.1	97.7	4	-4.8	37.3	10111	707	15434	-4464	452	1673	-575	-137	-205	81
-148.7	97.8	3.6	-4.8	37.3	10111	2008	16236	-4815	172	2017	-607	-143	-209	76
-152.1	97.5	4.3	-4.8	37.3	10111	-2672	23094	1999	347	1327	472	-148	-208	70
-158	96	5	-4.8	37.3	10111	6142	18320	-3021	-380	2918	-458	-155	-205	66
-160.7	95.7	3.5	-4.8	37.3	10111	-3602	16391	-846	430	975	-290	-161	-208	53
-162.7	95.1	2	-4.8	37.3	10111	-536	16060	-1192	17	785	-677	-163	-211	55
-164.2	94.6	1.1	-4.8	37.3	10111	-637	14496	-1633	-104	556	-387	-164	-214	47
-164.8	94.7	0.1	-4.9	37.3	10111	-1234	11366	-1485	123	217	-164	-163	-216	45
-164.6	95.3	-0.1	-4.9	37.3	10111	585	9386	-2389	119	-312	-203	-162	-217	47
-164.6	96.3	0.1	-4.9	37.3	10111	-1235	12155	-3504	231	-36	371	-163	-217	50
-165	98.4	0	-4.9	37.3	10111	814	10842	-5050	889	82	57	-165	-214	58
-167.5	98.5	-0.6	-4.9	37.3	10111	4624	23788	88	444	1354	-908	-165	-215	56
-168.8	100.5	-2.3	-4.9	37.3	10111	-6029	23800	-4596	1398	689	-1139	-165	-220	56
-169.8	101.5	-1.7	-4.9	37.3	10111	3350	24121	-5858	698	653	22	-164	-219	62
-170.7	100.1	-0.1	-4.9	37.3	10111	1370	14654	-1888	-417	410	570	-169	-216	60
-171.5	98.9	0.7	-4.9	37.3	10111	811	10646	-2153	-615	297	348	-174	-214	55
-171.7	99	-0.2	-4.9	37.3	10111	-588	9176	-3225	-316	-1	-511	-176	-217	51
-170.8	99.5	-1.2	-4.9	37.3	10111	636	13495	-4190	-30	-530	-551	-172	-220	54
-168	100.3	-2.3	-5	37.3	10111	-2796	12588	-4103	5	-1707	-58	-169	-223	59
-164.9	101.3	-1.2	-5	37.3	10111	2161	16906	-4706	482	-1478	701	-163	-222	74
-164.6	102	0.8	-5	37.3	10111	45	26841	338	73	175	919	-166	-216	83
-166.8	102.7	0.8	-5	37.3	10111	-516	26559	-9659	165	1269	-343	-173	-208	85
-166.3	101.8	-0.3	-5	37.3	10111	-1841	17919	-3980	-52	-456	-209	-175	-214	82
-166.2	99.9	-1.1	-5	37.4	10111	752	11415	-1367	-728	-136	-425	-171	-217	84
-166.7	98.4	-1.2	-5	37.4	10111	-450	10793	-2379	-977	188	4	-173	-222	79
-166.6	99.4	-1	-5	37.4	10111	-1542	9900	-4508	181	-219	410	-176	-223	77
-167.4	100.2	-0.6	-5	37.4	10111	1418	10944	-4378	-109	399	-199	-179	-223	80
-168.5	102.5	-0.7	-5	37.4	10111	-1446	11318	-4227	994	477	273	-184	-221	79
-170.1	102.1	-1.3	-5	37.4	10111	-98	25197	-863	191	1129	-628	-185	-223	78
-169.2	103	-2.7	-5	37.4	10111	-1320	26585	-5262	691	-728	-1060	-184	-225	81
-170.5	103	-1.2	-5	37.4	10111	3132	23266	-6356	-46	823	307	-184	-226	85
-171.9	101.3	0.6	-5	37.4	10111	1720	13758	-1539	-583	705	692	-192	-224	79
-173.3	100.2	1	-5.1	37.4	10111	280	8889	-2405	-594	631	107	-200	-222	71
-174.5	100.4	0.3	-5.1	37.4	10111	886	7738	-3799	-282	378	-540	-202	-228	67
-174	100.6	-0.9	-5.1	37.4	10111	-1482	10791	-3140	-173	-320	-225	-200	-234	64
-171.6	102.9	-1.8	-5.1	37.4	10111	1673	15625	-7080	1012	-1407	-557	-194	-238	72
-169.2	102.7	-0.3	-5.1	37.4	10111	-1743	24863	-2170	-73	-1277	1115	-191	-235	84
-169.9	104.6	1.4	-5.1	37.4	10111	6790	19353	-6487	1553	83	664	-194	-228	91
-171.2	104.9	0.4	-5.1	37.4	10111	-8396	23158	-5950	340	682	-265	-201	-227	90
-171.2	103.7	-0.6	-5.1	37.4	10111	941	15486	-3413	-518	-180	-588	-201	-230	93
-171.8	101.6	-1.1	-5.1	37.4	10111	-1368	10621	-2277	-904	228	-127	-201	-240	90
-171.3	101.8	-1.4	-5.1	37.4	10111	-1360	6565	-2557	-84	-290	268	-205	-243	84
-170.6	102.6	-0.5	-5.1	37.4	10111	527	12578	-4276	332	-421	546	-207	-241	86
-171.7	103.8	0	-5.1	37.4	10111	1940	10006	-4386	381	659	-43	-208	-239	87
-173.5	104.3	-0.3	-5.1	37.4	10111	4330	24462	-2349	764	891	-746	-209	-240	83
-173.9	104.5	-1.7	-5.1	37.4	10111	-2829	26878	-5481	596	62	-688	-208	-244	79
-174	104.1	-1.5	-5.1	37.4	10111	2898	24128	-6488	-74	82	-131	-203	-248	80
-174.3	102.4	0	-5.1	37.4	10112	1094	15010	-2689	-664	158	636	-208	-250	77
-175	100.7	0.7	-5.1	37.4	10112	-82	10820	-2683	-874	311	300	-217	-250	71
-175.3	101.2	0.7	-5.1	37.4	10112	992	7688	-3943	-273	72	-121	-220	-254	64
-174.6	102.4	-0.3	-5.2	37.4	10112	6	10606	-4217	283	-453	-417	-216	-258	64
-171.8	104	-1.4	-5.2	37.4	10112	-1363	14188	-4686	636	-1602	-258	-209	-261	70
-169.2	105	-0.2	-5.2	37.4	10112	3286	18271	-4610	783	-1242	723	-202	-257	85
-169.4	106.3	1.6	-5.2	37.4	10112	-903	23386	-2641	980	181	747	-204	-249	89
-172.2	106.9	1.2	-5.2	37.4	10112	-4078	28190	-9108	102	1464	-494	-210	-245	88
-173.1	105.6	0	-5.2	37.4	10112	-471	18314	-3603	-387	-97	-565	-211	-250	84
-174.8	103.8	-0.4	-5.2	37.4	10112	100	9698	-2493	-652	658	-380	-209	-260	79
-175.6	103.5	-0.5	-5.2	37.4	10112	-2101	7702	-2976	-162	390	364	-214	-265	64
-174.6	104.6	-0.9	-5.3	37.4	10112	-1606	9867	-3702	377	-607	181	-216	-260	63
-174.5	106.1	-0.8	-5.3	37.4	10112	-1068	13711	-4945	584	-169	184	-212	-255	66
-176.2	105.8	-0.6	-5.3	37.4	10112	5048	23334	-1552	-75	817	-415	-209	-249	65
-177.6	106	-1.2	-5.3	37.4	10112	-562	26791	-5160	458	359	-385	-207	-249	58
-179.8	106.1	0	-5.3	37.4	10112	3898	23025	-8070	206	993	231	-204	-252	54
178	104	1.4	-5.3	37.4	10112	172	15278	-2707	-709	985	420	-211	-252	44
177.2	100.7	2.3	-5.3	37.4	10112	494	10867	-2173	-1426	315	353	-218	-251	32
176.8	99.4	1.9	-5.4	37.4	10112	580	9401	-2258	-736	68	-202	-220	-251	20
176.9	99.8	0.8	-5.4	37.4	10112	677	7638	-3355	-207	-167	-542	-214	-256	17
178.1	100.6	-0.6	-5.4	37.4	10112	-894	12428	-4581	241	-716	-608	-207	-257	18
-179.4	102.6	-0.6	-5.4	37.4	10112	2377	16503	-6858	1083	-1247	-81	-198	-256	28
-177.3	101.9	0.8	-5.4	37.4	10112	1473	23090	979	118	-976	1038	-198	-248	39
-177.6	103	1.4	-5.4	37.4	10112	6055	22000	-6581	881	107	69	-199	-239	46
-177.7	102.9	0.4	-5.4	37.4	10112	-3120	21156	-4917	278	-307	-109	-198	-241	44
-178	101.5	-0.3	-5.5	37.4	10112	504	15024	-2836	-466	-85	-489	-196	-243	45
-178.5	99.1	-0.7	-5.5	37.4	10112	-1157	11902	-2386	-1118	71	-65	-195	-248	38
-178.4	99.3	-0.7	-5.5	37.4	10112	-760	8550	-3720	-128	-129	232	-196	-250	33
-178.2	100.8	-0.8	-5.5	37.4	10112	-613	8980	-4302	408	-283	16	-195	-245	34
-178.8	102.9	-1	-5.5	37.4	10112	-882	12738	-4166	796	248	112	-193	-240	35
-179.8	104.1	-2	-5.5	37.4	10112	1244	20780	-3045	670	98	-718	-188	-236	41
-179.8	104.2	-2.6	-5.5	37.4	10112	-2469	21562	-2037	512	-303	6	-183	-236	40
179.1	104.9	-2.2	-5.6	37.4	10112	4626	23540	-7424	810	304	-151	-179	-237	45
177.9	103.9	-0.8	-5.6	37.4	10112	-520	18558	-4103	-360	520	464	-182	-234	42
177	101.9	0.8	-5.6	37.4	10112	1651	12490	-2815	-948	444	576	-187	-232	35
175.7	101.4	0.9	-5.6	37.4	10112	811	8940	-3447	-465	481	-247	-191	-231	26
174.6	100.9	0.3	-5.6	37.4	10112	743	9910	-3095	-361	417	-582	-187	-234	20
175.8	100.8	-0.7	-5.7	37.4	10112	-2512	11116	-3274	-299	-793	-32	-183	-235	18
177.2	102.8	-0.4	-5.7	37.4	10112	1306	14802	-7727	1006	-737	50	-178	-233	26
178.6	102.2	1.1	-5.7	37.4	10112	404	21547	630	180	-740	1029	-179	-225	32
177.8	104.7	1.8	-5.7	37.4	10113	4302	24339	-6936	1633	266	353	-180	-217	38
178	104.3	0.6	-5.8	37.4	10113	-2059	22104	-5563	-95	-464	-309	-178	-217	40
177.8	102	-0.4	-5.8	37.4	10113	-160	13164	-1046	-817	-115	-480	-177	-221	40
178.1	101	-0.5	-5.8	37.4	10113	-374	10006	-2144	-697	-228	130	-175	-224	36
179	101.7	-0.7	-5.9	37.4	10113	-1122	8680	-4221	44	-647	272	-175	-221	37
178.9	103.1	-0.6	-5.9	37.4	10113	635	12464	-5130	491	-139	43	-174	-218	40
177.4	104.7	-1.1	-5.9	37.4	10113	-1726	11072	-5497	502	671	29	-173	-217	40
176.1	104.5	-1.5	-6	37.4	10113	2972	25798	-1797	-7	520	-591	-170	-215	39
175.2	105.8	-2.2	-6	37.4	10113	1187	27261	-6775	608	146	-825	-167	-216	39
173.4	105.6	-0.8	-6	37.4	10113	1246	20596	-5663	53	908	335	-167	-217	39
171.5	103	0.6	-6.1	37.4	10113	1176	13866	-2655	-1141	950	447	-172	-216	31
170.5	101.3	1.1	-6.1	37.4	10113	53	9022	-2648	-939	399	141	-176	-214	20
169.6	101.8	0.3	-6.1	37.4	10113	112	7686	-4802	44	315	-595	-173	-216	15
170.5	102.2	-0.5	-6.2	37.4	10113	-726	12038	-3250	-32	-509	-82	-170	-218	14
174.2	103.4	-0.7	-6.2	37.4	10113	563	16324	-6046	1035	-1974	234	-166	-217	22
175.7	103.5	0.7	-6.2	37.4	10113	1229	21364	793	762	-653	737	-166	-211	33
174.4	104.6	1.6	-6.3	37.4	10113	2622	27613	-7453	344	754	371	-168	-203	37
173.6	104.5	1.2	-6.3	37.4	10113	226	19202	-4418	105	74	-130	-169	-203	36
173.2	102.4	0.3	-6.3	37.4	10113	-2166	10240	-1071	-847	95	-138	-168	-207	33
174.4	102.5	-0.1	-6.4	37.4	10113	-1091	7353	-3667	-172	-490	231	-168	-207	30
176.2	103.6	0	-6.4	37.4	10113	205	11093	-4412	250	-959	337	-168	-203	36
175.5	105.5	0.6	-6.4	37.4	10113	-435	12563	-4874	707	261	238	-168	-200	39
173.3	106	0.2	-6.4	37.4	10113	3466	20221	-1853	86	1036	-724	-168	-197	38
172.8	106.2	-0.8	-6.5	37.4	10113	13	25302	-3208	56	-247	-277	-165	-199	37
171.6	106.4	-0.5	-6.5	37.4	10113	2312	22379	-7124	173	461	3	-162	-202	44
170.5	104.9	0.5	-6.5	37.4	10113	757	16489	-2952	-580	445	281	-165	-203	34
169.6	102.5	1.7	-6.5	37.4	10113	306	10128	-1812	-1103	472	380	-168	-203	28
168.6	101.8	1.8	-6.5	37.4	10113	1850	8003	-3036	-500	414	-377	-169	-202	19
168	102	1.1	-6.6	37.4	10113	-1600	8140	-3185	-197	252	-98	-168	-206	15
169.3	103.7	-0.3	-6.6	37.4	10113	-1269	15880	-5766	518	-765	-618	-164	-206	16
172.1	104.2	0.6	-6.6	37.4	10113	2847	20238	-3812	501	-1305	779	-161	-204	26
172.8	104.8	2	-6.6	37.4	10113	1797	24418	-2832	536	-151	601	-160	-196	32
171.4	105.6	1.9	-6.7	37.4	10113	-1398	24990	-7013	231	680	-223	-163	-193	33
170.6	105.1	1.3	-6.7	37.4	10113	569	19399	-4354	-135	132	-326	-162	-196	33
169.7	103.3	0.4	-6.7	37.4	10113	-1040	11009	-1506	-705	280	-398	-161	-200	28
168.7	102.5	0.5	-6.7	37.4	10113	-341	9669	-2197	-585	531	98	-162	-202	22
168.9	103.2	0.5	-6.7	37.4	10113	-1532	11160	-4065	101	-139	293	-161	-201	20
168.6	104	0.8	-6.7	37.4	10113	414	10873	-4419	143	47	39	-163	-198	20
167.6	105.7	0.9	-6.8	37.4	10113	-993	10923	-4702	863	438	90	-162	-196	18
164.8	105.7	0.9	-6.8	37.4	10113	3542	25575	-4343	730	1376	-624	-160	-197	16
164.2	105.5	-0.5	-6.8	37.4	10113	-2719	24595	-4780	213	-69	-1046	-157	-200	12
161.7	105.7	0.6	-6.8	37.4	10113	3863	21240	-6042	221	1297	-39	-155	-203	14
159.1	104.7	2.1	-6.8	37.4	10113	1014	15333	-2615	-250	1277	373	-157	-204	2
157.1	103.5	3.3	-6.8	37.4	10114	1438	12049	-2559	-557	979	164	-161	-203	-5
155.2	103	2.8	-6.8	37.4	10114	-375	11118	-2691	-206	749	-291	-161	-203	-13
154.1	103.3	1.9	-6.9	37.4	10114	1188	10774	-3926	-13	347	-750	-157	-207	-18
154.5	103.8	1	-6.9	37.4	10114	-541	11243	-3273	-93	-351	-94	-153	-211	-13
155.9	107.1	0.3	-6.9	37.4	10113	-30	13992	-8638	1235	-851	-227	-150	-212	-14
156.1	108.1	2.5	-6.9	37.4	10114	4797	22586	-6227	1048	194	827	-149	-212	-6
156.1	108.8	4.3	-6.9	37.4	10113	-2247	22297	-2858	953	47	1024	-155	-205	-7
156.7	108.2	2.9	-6.9	37.4	10114	-4317	25428	-6172	-172	-321	-340	-157	-203	-4
159.1	106	0.3	-6.9	37.4	10114	362	16388	-1150	-713	-1553	-742	-155	-206	1
161.7	103.5	-1.1	-6.9	37.4	10114	-966	12737	-2280	-1005	-1501	-313	-150	-212	4
163.8	103.1	-1.1	-6.9	37.4	10114	435	12569	-4073	-372	-1074	100	-150	-211	7
165	104.6	0	-6.9	37.4	10114	29	14579	-6906	627	-498	718	-151	-209	12
166.1	104.3	0.6	-6.9	37.4	10114	-391	16888	-2477	-98	-385	522	-154	-205	16
169.5	105.4	0.3	-6.9	37.4	10114	-3437	15077	-5996	408	-1637	597	-156	-201	21
172.8	105	0.9	-6.9	37.4	10114	4283	20275	-5215	-143	-1849	565	-157	-197	33
172.8	104.4	0.5	-6.9	37.4	10114	969	16238	-1657	61	-102	-380	-154	-198	38
173	102.8	1.3	-7	37.4	10114	1442	15060	-166	-407	25	394	-153	-197	37
174.5	101.1	1.9	-7	37.4	10114	1897	15513	-1099	-572	-776	257	-155	-196	38
175.3	100.2	3	-7	37.4	10114	3798	18609	-2442	-413	-341	235	-155	-195	39
175.1	99.5	4.4	-7	37.4	10114	1750	15632	-2107	-237	137	581	-157	-194	37
175	99.2	5.1	-7	37.4	10114	1912	14820	-2411	-164	144	278	-160	-192	35
175.1	99.3	5.2	-7	37.4	10114	2145	15690	-2109	4	-84	-32	-161	-190	36
175.1	99.9	5.2	-7	37.4	10114	2245	16326	-2948	166	-39	-114	-160	-191	37
174.6	100.7	5.4	-7	37.4	10114	2400	15599	-2821	380	169	-65	-159	-191	37
173.1	102	5.7	-7	37.4	10114	2308	15493	-3490	635	718	-76	-160	-191	36
172.1	102.8	5.6	-7	37.4	10114	598	16727	-2527	540	467	-46	-161	-191	35
171.6	103.4	5.6	-7	37.4	10114	1445	15651	-3204	297	145	-63	-161	-190	35
171.1	103.5	5.3	-7	37.4	10114	1553	16556	-3415	78	156	-198	-160	-191	35
170	103.3	5	-7.1	37.4	10114	1153	16043	-3315	-34	468	-280	-160	-192	33
169.2	103	4.6	-7.1	37.4	10114	580	15942	-3402	-78	317	-189	-160	-195	31
168.7	102.7	4.3	-7.1	37.4	10114	671	16127	-3327	-129	197	-166	-160	-197	29
168.4	102.5	4.1	-7.1	37.4	10114	796	15974	-3235	-89	57	-89	-159	-197	27
168.2	102.4	3.9	-7.1	37.4	10114	855	16015	-3268	-32	99	-79	-159	-200	26
168	102.4	3.8	-7.1	37.4	10114	707	16019	-3241	-15	25	-74	-159	-200	26
168	102.4	3.7	-7.1	37.4	10114	781	16008	-3270	-16	5	-44	-158	-199	26
167.9	102.4	3.6	-7.1	37.4	10114	833	16130	-3153	-6	3	-23	-158	-200	25
167.9	102.5	3.5	-7.1	37.4	10114	741	15984	-3284	4	0	-25	-157	-200	25
167.8	102.6	3.4	-7.1	37.4	10114	702	16038	-3286	34	-2	-24	-157	-200	26
167.8	102.6	3.3	-7.1	37.4	10114	708	16213	-3288	35	-10	-49	-158	-200	26
167.8	102.7	3.2	-7.1	37.4	10114	709	15988	-3270	28	-28	-46	-158	-202	25
167.7	102.7	3.1	-7.1	37.4	10114	736	16089	-3385	-2	34	-38	-157	-200	25
167.5	102.7	3	-7.1	37.4	10114	581	16103	-3422	14	59	-32	-157	-202	25
167.4	102.8	3	-7.1	37.4	10114	606	16016	-3293	21	32	-24	-155	-201	25
167.3	102.9	2.9	-7.1	37.4	10114	555	16035	-3264	30	37	-20	-156	-203	24
167.1	102.9	2.9	-7.1	37.4	10114	544	16116	-3315	7	56	-23	-156	-202	25
167	102.9	2.9	-7.1	37.4	10114	592	16070	-3255	26	50	-16	-157	-202	23
166.9	103	2.8	-7.1	37.4	10114	586	16054	-3317	33	36	-11	-157	-203	24
166.8	103	2.8	-7.1	37.4	10114	444	16049	-3166	25	19	1	-156	-202	24
166.9	102.9	2.8	-7.1	37.4	10114	557	16146	-3238	11	-50	6	-156	-202	23
167	102.8	2.8	-7.1	37.4	10114	556	16154	-3282	-44	-99	15	-156	-203	24
167.2	102.8	2.7	-7.1	37.4	10114	620	16039	-3334	-44	-83	3	-156	-203	23
167.2	102.7	2.8	-7.1	37.4	10114	736	16040	-3174	10	-30	-3	-156	-203	23
166.8	102.8	2.8	-7.1	37.4	10114	874	15887	-3030	47	157	-30	-156	-203	24
166.4	102.7	2.8	-7.1	37.4	10114	404	16294	-3214	-4	193	-15	-155	-202	22
166.3	102.6	2.7	-7.1	37.4	10114	182	16058	-3116	-42	31	-7	-156	-204	21
166.7	102.7	2.7	-7.1	37.4	10114	514	16024	-3428	35	-163	24	-156	-203	21
167.2	102.6	2.6	-7.1	37.4	10114	434	16445	-3588	-70	-219	59	-156	-203	22
167.9	102.6	2.6	-7.1	37.4	10114	801	15832	-3292	-42	-371	36	-156	-203	24
168.4	102.6	2.7	-7.1	37.4	10114	1013	15926	-3375	3	-226	56	-153	-202	25
168.3	102.6	2.7	-7.1	37.4	10114	777	16268	-3249	-31	31	7	-155	-201	26
167.8	102.6	2.6	-7.1	37.4	10114	468	16093	-3316	6	210	-88	-155	-202	25
167.6	102.5	2.5	-7.1	37.4	10114	303	16034	-3143	-33	110	-81	-155	-203	23
167.9	102.4	2.3	-7.1	37.4	10114	235	16005	-3259	-31	-168	-3	-155	-203	24
168.4	102.5	2.3	-7.1	37.4	10114	602	15920	-3132	33	-271	45	-154	-203	24
169.1	102.5	2.3	-7.1	37.4	10114	598	16311	-3080	34	-329	72	-154	-203	25
169.8	102.6	2.3	-7.1	37.4	10114	587	15965	-3277	27	-353	76	-154	-202	28
170	102.7	2.5	-7.1	37.4	10114	862	15911	-3195	57	-61	70	-152	-202	29
169.6	102.9	2.7	-7.1	37.4	10114	776	16170	-3146	146	200	30	-154	-201	30
169.1	103.1	2.7	-7.1	37.4	10114	481	16192	-3241	116	235	-16	-156	-202	29
169	103.1	2.7	-7.1	37.4	10114	364	16063	-3095	69	61	28	-154	-202	28
169	103.1	2.8	-7.1	37.4	10114	877	16262	-3188	18	6	33	-155	-201	28
168.9	103.1	2.9	-7.1	37.4	10114	813	15989	-3078	23	75	42	-156	-201	30
168.9	103.2	2.9	-7.1	37.4	10114	197	16022	-3160	79	30	42	-156	-201	27
169.3	103.4	2.9	-7.1	37.4	10114	558	16062	-3162	136	-207	74	-156	-200	28
169.8	103.6	3	-7.1	37.4	10114	1116	16026	-3282	112	-258	63	-154	-199	31
169.7	103.8	3.3	-7.1	37.4	10114	1516	16148	-3496	83	79	40	-155	-199	32
169.2	104.2	3.6	-7.1	37.4	10114	682	15999	-3458	273	275	105	-156	-199	30
168.8	104.4	3.7	-7.1	37.4	10114	673	15995	-3583	151	177	48	-157	-198	31
168.7	104.6	3.7	-7.1	37.4	10114	506	16059	-3819	116	56	5	-158	-198	30
168.5	104.8	3.7	-7.1	37.4	10114	893	15838	-3699	129	47	-26	-158	-197	30
168.2	105	3.7	-7.1	37.4	10114	1051	15985	-3850	113	137	-13	-158	-198	30
167.9	105	3.8	-7.1	37.4	10114	915	15924	-3747	43	172	-22	-158	-198	27
167.8	105	3.8	-7.1	37.4	10114	707	15990	-3894	34	49	16	-158	-197	29
167.8	105	3.8	-7.1	37.4	10114	1025	15908	-3976	45	-17	31	-157	-197	29
167.8	105.1	3.9	-7.1	37.4	10114	993	15931	-3918	53	40	59	-158	-198	29
167.7	105.1	4	-7.1	37.4	10113	914	15857	-3873	38	60	29	-158	-196	28
167.6	105.1	4	-7	37.4	10113	957	16008	-3925	29	48	17	-158	-196	28
167.6	105	4	-7	37.4	10113	929	15952	-3802	16	-5	8	-158	-196	29
167.7	105	4	-7	37.4	10113	1115	15871	-3846	5	-49	13	-158	-196	29
167.7	105	4.1	-7	37.4	10113	1184	15971	-3898	28	-10	14	-158	-196	28
167.8	105	4.1	-7	37.4	10113	1098	15891	-3745	16	-14	14	-158	-196	28
167.9	105	4.1	-7	37.4	10113	1079	15863	-3858	16	-53	18	-158	-195	29
168	104.9	4.1	-7	37.4	10113	1136	15884	-3860	3	-34	18	-159	-196	29
168	104.9	4.2	-7	37.4	10113	1020	15986	-3964	30	3	10	-159	-195	29
168	104.9	4.1	-7	37.4	10113	1054	15849	-3822	19	-12	2	-159	-196	29
168.1	104.9	4.1	-6.9	37.4	10113	1057	15939	-3889	10	-37	6	-159	-196	30
168.1	104.8	4.1	-6.9	37.4	10113	1065	16077	-3928	-3	9	-8	-157	-195	29
168.1	104.8	4.1	-6.9	37.4	10113	952	15801	-3860	-7	6	-18	-159	-196	29
168.1	104.7	4	-6.9	37.4	10113	1088	15950	-3857	4	-14	-17	-158	-195	28
