6.2	92.5	-2.8	0.7	36.5	10104	-549	16323	-337	7	-31	-4	-112	-213	-6
6.1	92.5	-2.8	0.7	36.5	10104	-913	16311	-988	20	22	1	162	-199	-11
6.1	92.4	-2.8	0.7	36.5	10104	-935	16272	-886	8	17	-3	163	-198	-10
6	92.4	-2.8	0.7	36.5	10104	-863	16231	-940	3	16	3	162	-199	-10
6	92.3	-2.8	0.7	36.5	10104	-940	16357	-950	1	20	8	162	-199	-11
6	92.3	-2.8	0.7	36.5	10104	-940	16158	-822	3	-39	-10	163	-199	-11
6	92.2	-2.8	0.7	36.5	10104	-885	16192	-916	-10	-14	0	162	-199	-11
5.9	92.1	-2.8	0.7	36.5	10104	-816	16362	-843	-14	16	4	163	-199	-11
5.9	92.1	-2.8	0.7	36.5	10104	-980	16340	-831	-30	8	24	162	-199	-10
5.9	92	-2.8	0.7	36.5	10104	-938	16268	-711	-16	-34	-2	162	-199	-12
6	91.9	-2.8	0.7	36.5	10104	-916	16195	-690	-19	-49	7	162	-199	-11
6	91.8	-2.7	0.7	36.5	10104	-856	16374	-717	-10	1	31	163	-199	-11
5.9	91.7	-2.7	0.7	36.5	10104	-902	16271	-510	-15	-8	3	163	-199	-12
6	91.5	-2.8	0.7	36.5	10104	-924	16186	-783	-74	-44	6	163	-200	-12
6.1	91.3	-2.9	0.7	36.5	10104	-1090	16217	-438	-94	-66	-33	162	-199	-14
6.6	91.2	-3	0.7	36.5	10104	-1141	16502	-567	-38	-249	-28	161	-199	-14
7.3	91	-3	0.7	36.5	10104	-868	16312	-416	-28	-373	-17	163	-199	-15
7.9	90.9	-3	0.7	36.5	10104	-773	16331	-556	5	-296	-4	162	-198	-18
8.3	90.8	-3	0.7	36.5	10104	-898	16201	-223	9	-210	32	163	-200	-19
8.4	90.6	-3	0.7	36.5	10104	-596	16338	-604	-114	-96	-31	163	-199	-20
8.2	90.3	-3	0.7	36.5	10104	-879	16609	-312	-160	80	-31	163	-199	-21
7.6	90.1	-3	0.7	36.5	10104	-861	16448	-400	-125	249	-37	163	-198	-21
7.1	89.9	-3.2	0.7	36.5	10104	-1098	16225	-304	-101	244	-57	163	-198	-20
6.6	89.8	-3.4	0.7	36.5	10104	-1022	16115	-126	-57	210	-74	163	-198	-20
6.3	89.8	-3.5	0.7	36.5	10104	-1205	16138	-322	-1	144	-60	164	-198	-19
6.2	89.8	-3.6	0.7	36.5	10104	-1435	16291	-65	19	9	-33	164	-197	-18
6.3	89.8	-3.6	0.7	36.5	10104	-875	16385	-97	43	-42	-11	163	-198	-19
6.3	89.8	-3.6	0.7	36.5	10104	-1154	16186	2	28	-50	20	164	-197	-17
6.3	89.8	-3.6	0.7	36.5	10104	-1026	16354	-68	26	-22	0	164	-198	-19
6.3	89.8	-3.5	0.7	36.5	10104	-1244	16311	26	-8	2	41	164	-198	-18
6.3	89.8	-3.6	0.7	36.5	10104	-1178	16186	-125	26	-29	-17	164	-198	-20
6.3	89.8	-3.6	0.7	36.5	10104	-957	16210	-132	44	-34	-2	164	-197	-19
6.2	89.9	-3.6	0.7	36.5	10104	-1234	16338	-54	47	51	22	164	-197	-18
6.4	89.9	-3.7	0.7	36.5	10104	-1184	16330	-80	32	-123	-20	164	-198	-18
6.9	90	-3.6	0.7	36.5	10104	-1018	16411	60	85	-230	20	164	-197	-19
6.8	90.1	-3.5	0.7	36.5	10104	-589	16350	-203	75	32	14	163	-197	-19
6.4	90.1	-3.4	0.7	36.5	10104	-1044	16204	-142	27	190	32	164	-198	-19
6.2	90.1	-3.5	0.7	36.5	10104	-1481	16202	-196	26	59	0	164	-199	-18
6.2	90	-3.6	0.7	36.5	10104	-1111	16307	-148	8	-10	-35	163	-199	-18
6.1	90.1	-3.6	0.7	36.5	10104	-1040	16244	-238	32	37	-5	163	-198	-19
6.1	90.1	-3.6	0.7	36.5	10104	-1227	16398	-275	19	-7	-5	163	-198	-19
6.1	90.1	-3.6	0.8	36.5	10104	-1042	16331	-226	18	-47	-5	163	-198	-17
6.1	90	-3.6	0.8	36.5	10104	-1066	16294	-272	4	-12	1	163	-198	-18
6.1	90	-3.6	0.8	36.5	10104	-974	16368	-193	-11	-9	-4	164	-199	-18
6.2	89.9	-3.6	0.8	36.5	10104	-1138	16355	-140	-2	-28	-1	163	-197	-19
6.2	89.8	-3.6	0.8	36.5	10104	-1026	16286	-244	-30	-36	-4	162	-198	-19
6.3	89.8	-3.7	0.8	36.5	10104	-1158	16237	-156	-16	-21	-5	163	-198	-14
6.3	89.7	-3.7	0.8	36.5	10104	-1150	16348	-120	-29	-13	3	164	-198	-20
6.3	89.6	-3.7	0.8	36.5	10104	-1127	16213	53	3	-13	11	163	-198	-20
6.2	89.6	-3.7	0.8	36.5	10104	-1269	16436	-48	-13	2	-3	164	-198	-20
6.2	89.5	-3.7	0.8	36.5	10104	-1026	16399	39	-29	-11	0	164	-197	-20
6.3	89.4	-3.7	0.8	36.5	10104	-1179	16247	-8	-25	-29	8	163	-198	-20
6.4	89.2	-3.7	0.8	36.5	10104	-1286	16424	194	-14	-54	18	164	-198	-22
6.6	89.1	-3.7	0.8	36.5	10104	-1010	16227	213	-18	-112	-1	164	-198	-21
6.8	89	-3.7	0.8	36.5	10104	-1236	16235	178	-22	-111	16	164	-198	-22
6.9	88.9	-3.6	0.8	36.5	10104	-990	16298	258	2	-76	15	164	-198	-23
7	88.9	-3.5	0.8	36.5	10104	-882	16175	152	10	-41	9	163	-197	-23
6.9	88.9	-3.5	0.8	36.5	10104	-1063	16274	172	13	-1	12	164	-198	-23
6.9	88.8	-3.4	0.8	36.5	10104	-954	16216	139	13	25	33	163	-198	-23
6.9	88.8	-3.3	0.8	36.5	10104	-876	16430	150	-7	-8	49	164	-199	-24
7	88.7	-3.2	0.8	36.5	10104	-945	16266	155	-42	-61	43	163	-199	-24
7.1	88.4	-3.1	0.8	36.5	10104	-784	16248	275	-86	-89	15	163	-198	-24
7.5	88.1	-3.1	0.7	36.5	10104	-825	16257	237	-154	-182	9	163	-198	-25
8.1	87.5	-2.8	0.7	36.5	10104	-691	16742	127	-273	-325	69	162	-199	-28
8.8	86.8	-2.4	0.7	36.5	10104	-610	16381	354	-323	-346	159	161	-200	-31
9.6	86.2	-1.7	0.7	36.5	10104	398	16325	370	-361	-451	191	162	-199	-35
10.3	85.7	-0.8	0.7	36.5	10104	598	16192	398	-321	-406	304	159	-201	-37
10.9	85.4	0.1	0.7	36.5	10104	1146	16024	454	-230	-370	300	158	-203	-41
11.6	85.2	0.7	0.7	36.5	10104	309	16058	1100	-155	-381	251	156	-204	-43
12.6	85	0.8	0.7	36.5	10104	-54	16626	1024	-73	-533	40	154	-205	-47
14.2	84.9	0.4	0.7	36.5	10104	-1377	16243	1048	-118	-844	-93	154	-204	-50
15.7	84.7	-0.5	0.6	36.5	10105	-1523	16984	1326	-115	-733	-388	155	-204	-52
17.6	84.2	-1.9	0.6	36.5	10105	-1849	16312	804	-285	-878	-560	156	-200	-59
19.8	83.5	-3.3	0.6	36.5	10105	-2632	16431	1077	-393	-1066	-601	157	-196	-65
21.9	82.8	-4.2	0.6	36.5	10105	-1679	16010	610	-414	-1067	-479	159	-193	-69
23.7	82.4	-4.9	0.6	36.5	10105	-860	14698	959	-247	-869	-449	158	-189	-80
25.9	82.3	-5.4	0.6	36.5	10105	-2070	15629	649	-169	-1061	-271	159	-187	-83
29	82.3	-5.2	0.6	36.5	10105	-1607	15893	-434	-152	-1567	-110	156	-185	-90
32.2	82.3	-4.8	0.5	36.5	10105	-2126	15608	0	-142	-1785	71	151	-184	-99
35.1	82.6	-4.8	0.5	36.5	10105	-2780	17278	-359	16	-1372	-63	147	-183	-105
36.9	83	-4.8	0.5	36.5	10105	1116	20876	668	-93	-1027	-221	141	-183	-111
37.2	83.8	-6.1	0.5	36.5	10105	-4522	17125	1173	760	7	-546	144	-180	-112
38.2	81.6	-5.4	0.5	36.5	10105	4772	16692	6428	-640	-498	-233	144	-179	-114
36.7	80	-4	0.5	36.5	10105	638	17304	4045	-752	594	437	145	-175	-117
33.8	79	-1.9	0.5	36.5	10105	1412	14157	2316	-642	1054	1067	145	-177	-116
31.6	78.3	-0.5	0.5	36.5	10105	-510	12276	2264	-468	740	957	144	-180	-114
29.2	79.1	0.3	0.5	36.5	10105	280	14350	887	124	897	596	144	-182	-112
26.5	80.9	0.4	0.5	36.5	10105	-680	14762	-646	315	1233	366	146	-185	-106
23.7	84.3	1.4	0.5	36.5	10104	728	17615	-1610	1112	1215	443	150	-190	-99
21.5	86.1	3.8	0.5	36.5	10104	-8104	20401	12336	1240	1268	1688	152	-198	-88
19.5	85.5	4.9	0.5	36.5	10104	2657	24423	8494	113	1160	317	144	-208	-80
18.9	84.8	3.1	0.5	36.5	10104	-1673	17306	4892	82	173	-450	146	-208	-76
20.2	84.4	0	0.5	36.5	10104	-2363	10563	2896	99	-621	-1467	153	-204	-78
21	84.2	-1.2	0.5	36.5	10104	-1042	10272	760	-173	-231	-446	157	-198	-79
22.7	85.1	-1.3	0.5	36.5	10104	-982	12378	-1952	205	-814	53	157	-197	-82
26	86.5	-2.3	0.5	36.5	10104	-3912	19631	1386	517	-1744	-391	153	-197	-86
27.7	86.6	-4.3	0.5	36.5	10104	-4704	21674	1855	28	-912	-959	154	-196	-90
24.6	86	-7.2	0.5	36.5	10104	-1836	14499	6586	602	2700	-1863	162	-187	-88
24.4	84.4	-6.2	0.5	36.5	10104	1994	22549	5682	-416	-95	85	166	-185	-83
21.3	84	-3.1	0.5	36.5	10104	1412	13362	2473	-5	1351	1295	166	-187	-81
18.3	83.2	-0.6	0.5	36.5	10104	-1255	10009	1896	-441	1255	1410	160	-195	-74
15.8	83.4	0	0.5	36.5	10104	118	11296	-559	-279	1148	464	158	-200	-71
12.9	84.7	-0.1	0.5	36.5	10104	327	13687	-1253	383	1543	-146	158	-200	-64
11.4	86.2	0.9	0.5	36.5	10105	-1466	18900	-3190	465	516	563	158	-203	-57
10.8	86.5	3.2	0.5	36.5	10105	-10938	23709	12617	854	625	1623	154	-207	-50
9.8	85.3	3.9	0.5	36.5	10105	5601	23758	6052	-419	746	-2	144	-213	-48
10.1	84.9	1.4	0.5	36.5	10105	-3560	16045	3975	27	-243	-659	145	-211	-46
13.1	84.1	-2.2	0.5	36.5	10105	-2285	9742	2606	-116	-1455	-1734	151	-204	-49
15.8	83.8	-3.4	0.5	36.5	10104	-797	10848	437	-182	-1269	-632	155	-197	-56
18.2	83.2	-3.5	0.5	36.5	10104	-1574	12252	-746	-688	-1180	6	155	-194	-64
20.2	84.5	-3.5	0.5	36.5	10104	-859	20286	856	289	-1177	-137	152	-194	-69
21.3	84.8	-5.4	0.5	36.5	10104	-5188	21445	4522	380	-643	-882	151	-191	-71
19	84.3	-6.9	0.5	36.5	10104	-1995	16352	7092	475	1838	-936	156	-186	-68
19.2	83.1	-5.4	0.5	36.5	10104	820	21276	4758	-166	-394	216	156	-185	-68
16.5	82.5	-1.7	0.5	36.5	10104	1816	10501	2186	-252	1201	1597	153	-189	-66
13.2	81.9	0.3	0.5	36.5	10104	1085	10399	1382	-374	1375	959	146	-193	-64
10.3	82.3	0.1	0.5	36.5	10104	-1812	13655	-1177	-163	1495	339	144	-197	-57
8.7	82.9	0	0.5	36.5	10104	-303	15049	856	149	729	-64	144	-196	-51
5.5	83.9	2	0.5	36.5	10104	3186	20880	-5302	492	1522	806	143	-198	-50
6.4	82.8	5	0.5	36.5	10104	-18721	21684	13560	247	-1082	2490	136	-204	-43
5.2	82.1	4.8	0.5	36.5	10104	4724	23991	6001	-222	908	-268	131	-208	-47
5.4	81.9	1.7	0.5	36.5	10104	-3322	13966	3859	190	-148	-1031	134	-205	-44
6.6	81.1	-0.5	0.6	36.5	10104	416	7950	3113	-115	-442	-1226	143	-199	-45
7.9	80.9	-1.5	0.6	36.5	10104	-2816	11420	742	-364	-670	-244	146	-196	-48
10	81.6	-1.6	0.6	36.5	10104	-2164	15070	-1727	-212	-1016	185	146	-193	-52
12.9	83.2	-2.9	0.6	36.5	10104	-2986	21295	-788	503	-1565	-626	146	-195	-56
13.3	82.8	-4.7	0.6	36.5	10104	7573	23384	8547	396	-425	-1155	149	-191	-59
10.3	82.2	-6.8	0.6	36.5	10104	-9274	18066	6983	475	1658	-430	159	-182	-53
10.1	81	-5.4	0.7	36.5	10104	2716	20596	4677	-309	-109	156	160	-181	-50
7.7	80.2	-2.8	0.7	36.5	10104	1528	11237	1923	-559	963	1161	159	-182	-50
5.1	79.7	-1.4	0.7	36.5	10104	346	10352	1608	-393	1033	751	154	-187	-47
2.4	80.1	-1.4	0.7	36.5	10104	-1156	11443	-371	-197	1210	333	155	-188	-42
0.3	81.4	-1.7	0.7	36.5	10104	-819	15317	640	638	1088	-69	156	-188	-37
-1.7	83	-0.2	0.7	36.5	10104	1572	20770	-5522	410	869	639	156	-189	-32
-1.7	82.8	1.9	0.7	36.5	10104	-13183	23006	14812	312	113	1703	151	-193	-24
-1.6	82.5	2.6	0.7	36.5	10104	5730	22820	6059	0	144	8	147	-198	-27
-0.1	82.9	-0.6	0.7	36.5	10104	-4216	14468	3460	477	-581	-1175	151	-192	-25
3.8	82.2	-3.9	0.7	36.5	10104	-1216	9850	2272	-127	-1854	-1727	156	-183	-32
8.5	82.2	-5.1	0.7	36.5	10104	-1992	11497	306	-27	-2235	-736	162	-174	-42
12.5	82.5	-4.3	0.7	36.5	10104	367	13008	-2048	-144	-2088	35	162	-170	-53
15.6	84.1	-4.4	0.7	36.5	10104	1666	20240	-957	551	-1504	-297	158	-169	-62
17.5	84.4	-5.9	0.7	36.5	10104	-124	21481	5864	353	-1125	-1025	158	-162	-59
15.9	83.9	-7.6	0.7	36.5	10104	-6690	17632	7255	436	1323	-812	163	-152	-63
16.5	83	-5.6	0.7	36.5	10104	3204	21626	3543	-77	-482	458	161	-149	-63
15.4	81.6	-3	0.7	36.5	10104	-835	12201	2693	-543	452	1171	158	-150	-63
14.6	80.2	-1.1	0.7	36.5	10104	893	10294	1253	-808	260	761	154	-152	-63
12.8	80.5	-0.9	0.7	36.5	10104	148	12182	-1392	-324	828	154	152	-151	-62
10.7	81.5	-0.6	0.7	36.5	10104	1970	15390	538	377	1082	25	154	-149	-57
9.4	82.9	1.2	0.7	36.5	10104	3300	22752	-4992	426	595	765	151	-151	-52
12.4	82.3	4.1	0.7	36.5	10104	-14833	17241	10744	198	-2352	2001	149	-157	-51
11.9	81.7	4	0.7	36.5	10104	4991	22310	5806	-137	448	-345	146	-162	-58
12.3	81.9	1.3	0.7	36.5	10104	-2590	14913	3210	293	-65	-825	149	-162	-56
14.6	81.4	-1.4	0.7	36.5	10104	-396	9141	2636	-15	-1034	-1430	155	-158	-58
17.1	81.8	-2.1	0.7	36.5	10104	-1985	10062	463	-116	-1231	-222	158	-155	-65
19.4	82.9	-1.7	0.7	36.5	10104	-1487	13451	-1331	158	-1162	329	155	-158	-74
21.7	84.1	-2.6	0.7	36.5	10104	-877	20729	-3008	482	-1113	-487	154	-162	-79
21.2	84.2	-5	0.7	36.5	10104	12389	25238	8124	251	15	-1864	155	-161	-86
20.6	82.7	-5.8	0.7	36.5	10104	-11298	22721	7531	-391	221	273	164	-158	-81
20.2	82.1	-3.7	0.7	36.5	10104	5445	16663	2514	84	230	307	160	-160	-85
18.1	80.8	-1.4	0.7	36.5	10104	314	9668	1771	-588	949	1194	159	-167	-83
16.2	80	-0.3	0.7	36.5	10104	1276	10227	702	-565	670	428	155	-172	-82
13.6	80.8	-0.8	0.7	36.5	10104	-206	12406	-1590	-85	1347	-32	155	-175	-81
12	82.2	-0.1	0.7	36.5	10104	-386	18522	877	327	596	467	158	-178	-75
9.2	82.7	2	0.7	36.5	10104	3002	22770	2285	463	1639	1032	154	-184	-69
10.7	81.6	4.3	0.7	36.5	10104	494	17124	7162	145	-1578	1292	147	-196	-68
10.2	80.5	3.3	0.7	36.5	10104	-2922	20194	4798	-183	506	-99	146	-198	-70
12.7	80.4	-0.3	0.7	36.5	10104	-3206	11385	2455	104	-935	-1573	147	-198	-71
16.5	80.4	-2	0.7	36.5	10104	28	11798	1477	-3	-1636	-1031	151	-192	-77
19.2	81	-1.9	0.7	36.5	10104	-34	11919	-1082	-59	-1338	-185	150	-189	-83
22.1	82	-1.4	0.7	36.5	10104	-2457	13594	-403	434	-1468	401	145	-192	-88
24.3	82.9	-3	0.8	36.5	10104	-1431	21026	-4164	228	-1040	-790	142	-193	-87
23.4	82.9	-5.2	0.8	36.5	10104	12786	20612	4880	483	893	-1849	147	-191	-95
23.1	81.2	-5	0.8	36.5	10104	-1901	21591	6537	-767	-89	242	153	-189	-90
21	80.5	-2.5	0.8	36.5	10104	2459	14253	2841	-274	895	957	151	-192	-90
17.9	78.8	-0.1	0.8	36.5	10104	-380	9963	2910	-736	1309	1443	147	-198	-85
15.3	78.5	0.1	0.8	36.5	10104	737	10588	406	-484	1119	313	146	-203	-84
12.8	78.7	-0.7	0.8	36.5	10104	-1593	14532	-486	-580	1201	-164	147	-204	-80
10.8	80.1	0.3	0.8	36.5	10104	-1336	18865	-327	174	690	733	149	-207	-74
9.8	79.7	2.4	0.8	36.5	10104	-3085	22116	10618	-66	734	1372	145	-211	-69
11	78.9	4.4	0.8	36.5	10104	8958	20055	7104	-248	-670	495	135	-219	-69
10.6	78.7	2.8	0.8	36.5	10104	-1945	18477	5408	233	200	-215	133	-220	-68
12.8	78.6	-1.2	0.8	36.5	10104	-3645	10027	3860	213	-752	-1688	139	-217	-68
16.5	78.4	-2.7	0.9	36.5	10104	-1178	11116	1965	-100	-1702	-932	144	-210	-72
19.2	78.8	-1.9	0.9	36.5	10104	1366	10857	-1874	-318	-1382	-96	143	-209	-81
22.5	79.6	-1.9	0.9	36.5	10104	-4828	16424	2278	451	-1717	131	137	-209	-85
25	80.9	-3.3	0.9	36.5	10104	-3001	24835	-2254	333	-1062	-830	137	-208	-88
22	81.4	-6.7	0.9	36.5	10104	4588	15205	5792	564	2897	-2195	146	-202	-87
22	79.6	-5.7	0.9	36.5	10104	509	21892	6332	-853	-517	466	152	-199	-81
19.6	79.8	-3.6	0.9	36.5	10104	817	13270	3182	277	1072	894	150	-200	-80
16.7	79.6	-1.4	0.9	36.5	10104	-630	9380	3065	-14	1131	1399	147	-206	-75
14	79.8	-0.6	0.9	36.5	10104	2426	10312	788	-187	1175	253	144	-210	-71
10.9	80.8	-1.3	0.9	36.5	10104	-1960	13826	-1230	-178	1453	90	145	-213	-64
9.4	82.1	-0.7	0.9	36.5	10104	-1823	20501	194	157	485	451	148	-212	-58
8.5	81.7	1.3	0.9	36.5	10104	-212	22552	6854	-228	682	1114	147	-216	-55
11.1	81.1	3.8	0.9	36.5	10104	10714	18798	6079	103	-1635	632	137	-222	-59
10.4	81	2.3	0.9	36.5	10104	-2873	18952	4738	284	457	-279	137	-222	-60
12.5	81.4	-1.8	0.9	36.5	10104	-3512	11360	2780	435	-748	-1680	143	-220	-59
16	81.9	-3.9	1	36.5	10104	-888	10754	1374	327	-1586	-1199	151	-210	-63
18.7	82.8	-3.6	1	36.5	10104	999	11220	-1461	145	-1349	-233	152	-208	-69
20.9	83.7	-3.4	1	36.5	10104	-3639	16508	669	468	-1093	239	149	-209	-74
23.2	84.5	-5	1	36.5	10104	-4054	21366	-4550	84	-1098	-684	149	-207	-77
22.6	84.4	-7	1	36.5	10104	12526	20526	6622	53	856	-1920	152	-202	-82
22.8	82.9	-6.7	1	36.5	10104	-2472	22496	5950	-910	-475	267	159	-198	-78
20.6	82.9	-4	1	36.5	10104	1677	14442	2629	153	980	1067	158	-200	-81
18.6	81.4	-1.9	1	36.5	10104	-1192	9868	2590	-579	841	1313	152	-205	-76
16.5	81.1	-1	1	36.5	10104	1807	9806	-417	-391	928	324	149	-207	-77
13.8	81.6	-1.5	1	36.5	10104	-536	12706	-1266	-455	1376	-159	150	-208	-73
12.4	82.8	0	0.9	36.5	10104	-517	19956	-836	133	371	815	152	-209	-69
12.2	82.2	1.9	0.9	36.5	10104	-7482	22032	10545	205	370	1276	147	-213	-66
13.8	81.2	4.3	0.9	36.5	10104	8589	20665	6810	-194	-928	741	137	-220	-70
13.7	80.9	2.6	0.9	36.5	10104	-3610	18319	5266	169	56	-315	135	-219	-69
16.3	81.2	-1.1	0.9	36.5	10104	-2862	11196	2881	341	-982	-1668	141	-216	-70
19.5	81.1	-2.6	0.9	36.5	10104	-57	11651	1207	-40	-1414	-863	147	-208	-74
21.8	82.3	-2.2	0.9	36.5	10104	257	10840	-1322	218	-1219	-47	149	-207	-81
24	83.8	-1.9	0.9	36.5	10104	-3107	16664	-148	631	-1101	376	142	-208	-81
26.6	85	-3.4	0.9	36.5	10104	-4382	21468	-4064	155	-1315	-510	140	-209	-82
25.9	84.7	-5.5	0.9	36.5	10104	13979	20604	5797	-79	646	-1892	142	-205	-85
25.7	83.1	-5.2	0.9	36.5	10104	-1860	21872	6304	-798	-370	343	150	-199	-81
22.7	82.3	-2.4	0.9	36.5	10104	3248	15421	2842	-354	1334	962	148	-200	-80
18.4	81.4	-0.6	0.9	36.5	10104	-1544	10802	1769	-336	1938	1343	145	-205	-75
14.9	81	-0.1	0.9	36.5	10104	1016	10827	5	-587	1532	470	142	-207	-68
11.5	81.4	-0.9	0.9	36.5	10104	-1284	13117	-1054	-256	1569	-18	144	-208	-64
9.5	81.9	-0.3	0.9	36.5	10104	-1133	17001	1682	-100	731	572	144	-208	-59
5.9	82.9	1.8	0.9	36.5	10104	5828	22564	120	422	1982	1020	143	-210	-52
6.7	82.1	4.2	0.9	36.5	10104	1118	17765	7705	279	-1352	1519	133	-216	-47
6.3	81.7	3.1	0.8	36.5	10104	-1740	22043	6340	140	413	-230	129	-217	-49
8.2	82.3	-0.6	0.8	36.5	10104	-2976	11708	2960	610	-667	-1571	133	-213	-47
11	82.3	-2.3	0.8	36.5	10104	259	10514	1430	50	-1305	-994	139	-207	-49
13.1	82.9	-2.4	0.8	36.5	10104	-131	11326	-461	65	-1052	-239	141	-203	-46
15.6	83.8	-2.3	0.8	36.5	10104	-2697	13693	-546	221	-1275	374	139	-202	-59
17.6	85	-3.5	0.8	36.5	10104	-846	21045	-5443	477	-864	-649	137	-200	-60
16.9	84.8	-6.1	0.8	36.5	10104	12493	23713	9517	-56	213	-2127	142	-195	-63
17.1	82.9	-6.6	0.8	36.5	10104	-6543	21098	7283	-921	-457	296	150	-189	-58
15.8	82.5	-4.7	0.8	36.5	10104	4058	16068	2947	-31	722	346	148	-187	-62
12.4	81.6	-2.2	0.8	36.5	10104	377	10767	2137	-429	1526	1369	145	-190	-59
9.6	81.1	-1.2	0.8	36.5	10104	1200	11471	815	-400	1255	425	140	-194	-55
7.5	82	-2.3	0.8	36.5	10104	-2202	12399	-1394	-91	1029	-136	141	-195	-52
6.1	82.8	-1.6	0.8	36.5	10104	1480	17609	2099	243	479	390	144	-193	-47
1.5	83.5	0.5	0.8	36.5	10104	5806	22540	-2533	155	2547	1052	142	-196	-42
2.7	82.4	2.9	0.8	36.5	10104	-9610	15461	9228	267	-1926	1865	137	-203	-36
2.5	81.1	2.3	0.8	36.5	10104	1268	23432	5597	-450	383	-336	133	-206	-41
4.6	81	-1.1	0.8	36.5	10104	-2327	14255	3738	210	-729	-1418	138	-203	-41
8.7	81	-4	0.8	36.5	10104	-840	10301	2472	277	-1913	-1671	145	-195	-46
12.1	81.4	-4.5	0.8	36.5	10104	-1588	11560	29	81	-1646	-425	149	-189	-54
15	82.3	-3.8	0.8	36.5	10104	-967	12643	-1274	134	-1450	125	149	-189	-61
17.8	83.8	-3.7	0.8	36.5	10104	-458	18269	1948	555	-1343	-146	146	-190	-66
21.2	84.8	-5	0.8	36.5	10104	-6196	21066	-892	333	-1725	-545	146	-190	-71
20.7	84.5	-7	0.8	36.5	10104	5748	16333	6355	736	1223	-1798	151	-185	-73
21.5	83	-6.3	0.8	36.5	10104	292	23126	4668	-530	-626	87	155	-182	-73
19.7	83.1	-3.3	0.8	36.5	10104	1346	14239	2287	184	781	1268	152	-184	-72
16.9	82.2	-0.7	0.8	36.5	10104	284	10952	2352	-320	1184	1309	147	-191	-69
14.2	82.1	-0.1	0.8	36.5	10104	-192	11278	-480	-321	1294	470	145	-195	-66
11.8	83.2	-1	0.8	36.5	10104	-1165	12342	-1258	-3	1116	-266	147	-195	-62
9.5	84	0.1	0.8	36.5	10104	135	18667	-397	72	905	707	148	-195	-55
7.8	83.8	2.5	0.8	36.5	10104	-2358	21865	5704	105	1082	1351	144	-199	-51
7.8	82.9	4.7	0.8	36.5	10104	8295	20126	6168	-138	-78	696	135	-207	-48
7.3	82.2	3.3	0.8	36.5	10104	-3978	19189	5162	-28	267	-72	134	-207	-49
9	82.1	-0.7	0.7	36.5	10104	-2552	12608	2844	223	-542	-1903	138	-202	-52
11.3	82	-2.3	0.7	36.5	10104	636	10482	1424	36	-940	-985	145	-195	-55
13	82.7	-2.5	0.7	36.5	10104	-1384	11371	-864	58	-902	-114	144	-191	-58
15	83.3	-1.8	0.7	36.5	10104	-3284	14541	-92	-31	-1073	740	143	-192	-62
17.4	84.2	-3.3	0.7	36.5	10104	-1940	20585	-3148	308	-954	-762	139	-192	-67
17.9	83.8	-5	0.7	36.5	10104	9222	22844	7352	490	-409	-1422	141	-189	-71
16.6	82	-6.5	0.7	36.5	10104	-8517	20160	7843	-596	701	-369	149	-182	-67
15.6	81.1	-5	0.7	36.5	10104	3486	18544	3723	-273	554	307	147	-181	-69
12.8	80.7	-2.1	0.7	36.5	10104	1503	12260	2071	-271	1148	1346	144	-184	-66
10.2	80.1	-0.9	0.7	36.5	10104	-1199	10420	1372	-413	1143	832	137	-189	-62
8.3	80.2	-1.1	0.7	36.5	10104	-200	12111	-356	-326	921	84	137	-192	-59
7	80.7	-1.8	0.7	36.5	10104	-871	14096	160	57	792	-365	137	-189	-58
5.8	81.9	0	0.7	36.5	10104	869	20874	-4836	291	398	754	135	-190	-54
5.9	81.9	3.1	0.7	36.5	10104	-11942	21081	11693	511	-124	1995	129	-196	-50
4.8	80.1	4	0.8	36.5	10104	2802	21920	8177	-692	901	320	118	-201	-53
6.4	80	1.8	0.8	36.5	10104	-1812	16124	4464	135	-683	-797	118	-200	-54
9.8	79.7	-1.6	0.8	36.5	10104	-2408	10450	2823	42	-1405	-1746	124	-193	-57
12.7	79.8	-2.5	0.8	36.5	10104	-764	10557	1279	116	-1258	-600	128	-188	-63
15.1	80.4	-1.9	0.8	36.5	10104	758	11389	-1898	-139	-1090	-103	127	-186	-69
17.2	81.3	-1.7	0.8	36.5	10104	-3724	18084	2660	374	-1071	134	123	-186	-72
19.5	82.1	-3.5	0.8	36.5	10104	-5220	22231	-3016	-219	-1033	-657	123	-187	-77
18.2	82	-6.1	0.8	36.5	10104	9172	15683	5298	499	1703	-2113	129	-183	-79
18.6	79.9	-5.7	0.8	36.5	10104	-78	21773	6838	-991	-419	83	136	-180	-79
16.5	79.8	-3.5	0.8	36.5	10104	100	14936	3198	120	830	1023	137	-181	-78
13.4	79	-0.7	0.8	36.5	10104	868	10370	2849	-254	1313	1511	135	-186	-74
10.7	78.7	-0.1	0.8	36.5	10104	488	10486	858	-378	1202	408	135	-191	-70
8.1	79.6	-1.3	0.8	36.5	10104	-2188	12788	-675	-196	1351	-177	137	-192	-67
5.8	81	-0.4	0.8	36.5	10104	2253	20642	708	54	863	533	141	-194	-61
3.6	80.8	1.1	0.8	36.5	10104	340	21681	4334	-435	1292	1027	139	-198	-54
5.5	80.3	4.1	0.8	36.5	10104	8512	17575	4735	315	-1771	1173	131	-207	-54
4.5	79.5	3.1	0.8	36.6	10104	-4850	20424	6371	10	683	49	130	-210	-54
6.5	79.6	-0.2	0.8	36.6	10104	-2398	13749	3362	229	-654	-1423	134	-208	-53
10.8	79.9	-3	0.8	36.6	10104	-659	10202	1816	305	-1973	-1573	141	-203	-57
14	80.1	-3.2	0.8	36.6	10104	-1105	10787	103	-48	-1557	-390	144	-200	-63
16.3	80.1	-2.3	0.8	36.6	10104	-1074	14290	250	-439	-1226	398	141	-199	-70
18.6	81.9	-2.9	0.8	36.6	10104	1200	20879	-1790	375	-1002	-397	139	-201	-74
21	82.3	-4.8	0.8	36.5	10104	-1304	21796	6342	636	-1240	-1176	140	-200	-75
20.5	81.9	-7.3	0.8	36.5	10104	-7756	13960	7734	608	820	-1058	148	-195	-73
20.5	81.9	-6.3	0.8	36.5	10104	4332	25675	3986	174	-140	-205	151	-193	-74
17.1	82.2	-3.1	0.8	36.5	10104	1590	14823	1854	96	1532	1557	150	-198	-70
13.1	81.6	-1	0.8	36.5	10104	-1298	11274	1461	-344	1773	1351	144	-205	-62
9.8	81.1	-0.6	0.8	36.5	10104	-753	12100	-722	-621	1514	601	141	-210	-58
7.7	81	-1.6	0.8	36.5	10104	-1815	12586	-302	-304	1192	-383	142	-210	-55
6.1	82.3	-0.3	0.8	36.5	10104	-123	20175	-4746	292	592	546	143	-210	-54
5.5	82	2.2	0.8	36.5	10104	-7828	21934	10539	148	503	1700	140	-216	-47
5.4	80.6	4.1	0.8	36.5	10104	7502	22137	8655	-747	313	540	130	-222	-49
6.4	80.5	2.2	0.8	36.5	10104	-1706	17690	5245	136	-514	-657	129	-221	-50
9.7	80.8	-2	0.8	36.5	10104	-3956	11887	2662	255	-1252	-1805	137	-216	-52
13.9	81.2	-3.5	0.8	36.5	10104	94	11032	898	177	-1948	-1053	145	-210	-58
16.8	82.2	-3.2	0.8	36.5	10104	975	11336	-1035	42	-1370	-255	147	-206	-64
18.6	83	-2.2	0.8	36.5	10104	-1767	16169	992	418	-907	543	142	-208	-68
21.3	84.1	-3.3	0.8	36.5	10104	-4086	21018	-4869	0	-1285	-345	141	-209	-70
23.4	83.4	-4.6	0.8	36.5	10104	11052	24595	6578	0	-1530	-1217	142	-206	-78
22.2	81.6	-6.1	0.8	36.5	10104	-9786	18143	7906	-317	752	-337	150	-200	-77
21.7	81.2	-3.7	0.8	36.5	10104	4244	17664	3354	-110	74	683	149	-199	-79
18.7	80.9	-0.9	0.7	36.5	10104	1821	11198	2615	-113	1277	1256	146	-205	-77
14.9	80.4	0.5	0.7	36.5	10104	123	11148	1938	-336	1701	961	142	-209	-68
11.5	80.6	0.2	0.7	36.5	10104	-1138	12525	-206	-216	1720	332	144	-211	-67
8.7	81.2	-0.2	0.7	36.5	10104	-154	15406	-55	83	1407	-161	144	-212	-62
5.5	82.7	0.4	0.7	36.5	10104	-986	18484	-4035	251	1410	396	144	-213	-54
3.6	83.1	2.7	0.7	36.5	10104	-7312	20470	10743	513	1261	1561	141	-215	-45
2.5	82.1	4.9	0.7	36.5	10104	9418	21136	7500	-287	768	579	133	-223	-43
1.8	81.4	3.6	0.7	36.6	10104	-3836	18112	6104	-56	308	88	132	-225	-40
4.2	81.4	-0.6	0.6	36.6	10104	-3301	13520	3614	295	-739	-1792	137	-222	-40
8.5	81.5	-3	0.6	36.6	10105	-851	11515	1865	181	-1993	-1364	146	-213	-45
11.9	82.3	-2.7	0.6	36.6	10105	1132	11354	-1188	-61	-1691	-334	149	-207	-53
14	83.3	-1.4	0.6	36.6	10105	-1172	15055	-427	669	-1069	693	146	-209	-58
17.3	84.7	-2.2	0.6	36.6	10105	-2394	19676	-4033	525	-1563	-353	142	-211	-60
19.8	84.3	-3.5	0.6	36.6	10105	7261	24913	7740	89	-1438	-1099	143	-206	-66
19.6	83.2	-6	0.5	36.6	10105	-9756	18142	7736	311	485	-856	151	-200	-67
20.2	81.9	-4.9	0.5	36.6	10105	6529	18092	4934	-298	-301	-135	153	-196	-71
18.3	82	-2.4	0.5	36.6	10104	1205	14410	3282	62	717	1157	152	-198	-70
14.9	82.2	-0.9	0.5	36.6	10104	929	13234	2383	64	1498	761	148	-202	-65
11.3	82.7	-0.8	0.5	36.6	10104	-1449	13769	1446	147	1767	392	149	-204	-57
8.7	82.9	-2	0.5	36.6	10104	-700	14259	1964	232	1371	-329	150	-204	-50
8.4	81.6	-3.5	0.5	36.6	10104	-4053	14774	4156	-735	-12	-581	154	-201	-48
4.8	83	-2.5	0.5	36.6	10104	5664	18611	-3196	232	1607	151	156	-199	-47
-1.2	83.8	-2.7	0.5	36.6	10104	-824	13111	-1185	-196	3006	214	156	-199	-33
-4.6	82.7	-3.2	0.5	36.6	10104	-2744	16375	1870	-476	1863	64	156	-198	-24
-4.3	81	-1.1	0.5	36.6	10104	-4204	24128	6992	-66	-403	1270	153	-199	-22
-5.9	79	-0.5	0.5	36.6	10104	6615	16574	3510	-861	686	52	148	-203	-25
-7.3	77.6	-3.3	0.5	36.6	10104	-8544	13942	4962	-371	713	-356	150	-202	-23
-7.1	75.9	-4.5	0.5	36.6	10104	-1259	12848	6071	-509	10	-582	154	-197	-24
-6.7	75.2	-5.1	0.5	36.6	10104	-2507	14715	5335	-99	-138	-161	156	-196	-26
-5.3	75	-6.1	0.5	36.6	10104	-3134	14128	4992	149	-613	-486	158	-194	-27
-3.5	75.2	-6.5	0.5	36.6	10104	-1883	15086	4733	286	-875	-439	161	-190	-29
-2.4	75.7	-6.4	0.5	36.6	10104	-1682	15294	4328	320	-533	-94	162	-188	-32
-0.5	76.1	-6.4	0.5	36.6	10104	-2840	15214	4251	330	-959	-79	162	-188	-34
1.9	77	-5.9	0.5	36.6	10104	-1820	15591	3545	512	-1297	-1	162	-188	-38
4	78.4	-5.8	0.5	36.6	10104	-1696	15394	2604	677	-1093	-173	163	-187	-41
5.8	80.1	-5.4	0.5	36.6	10104	-2014	15912	1789	763	-917	96	162	-188	-44
7.5	81.4	-5.2	0.5	36.6	10104	-951	16916	2861	720	-848	-68	162	-188	-44
9	81.9	-5.2	0.5	36.6	10104	-1101	16455	2619	380	-717	-179	162	-188	-44
10.5	81.9	-5.2	0.5	36.6	10104	-1450	16281	2954	122	-743	-129	161	-187	-47
12.2	81.9	-5.2	0.6	36.6	10104	-1149	16184	1832	69	-819	-96	161	-188	-51
13.8	82.1	-5.2	0.6	36.6	10104	-1374	16155	1756	77	-839	-93	160	-188	-55
15.5	82.2	-5.3	0.6	36.6	10104	-1570	15921	1959	68	-797	-152	160	-187	-58
17.9	82.3	-5.4	0.6	36.6	10104	-1913	16426	1811	95	-1154	-176	159	-185	-62
21	82.4	-5.4	0.6	36.6	10104	-1606	16524	1496	122	-1544	-158	159	-186	-67
24.8	82.3	-5.2	0.6	36.6	10104	-1726	16113	1913	53	-1837	-124	156	-184	-75
28.1	82.3	-4.7	0.6	36.6	10104	-434	16255	1726	69	-1683	-28	153	-185	-83
31	82.3	-4.1	0.6	36.6	10104	-361	16209	1730	50	-1453	18	149	-184	-91
32.9	82.3	-3.7	0.6	36.6	10104	-266	16092	1780	-13	-1002	4	145	-185	-95
33.9	82.4	-3.4	0.6	36.6	10104	-176	16213	2126	6	-526	-19	143	-184	-98
34.2	82.4	-3.2	0.6	36.6	10104	-268	16106	2244	-18	-238	60	142	-186	-102
34	82.5	-3.1	0.6	36.6	10104	-488	16304	1845	-30	40	11	140	-184	-101
33.2	82.6	-3.1	0.6	36.6	10104	-524	15958	2205	0	309	39	142	-185	-101
32.4	82.7	-3.1	0.7	36.6	10104	-793	16048	2164	28	361	44	142	-185	-99
31.4	82.7	-3.1	0.7	36.6	10104	-809	16377	2046	-42	420	63	143	-186	-97
30.4	82.8	-3.1	0.7	36.6	10104	-798	16145	2118	-24	413	63	144	-186	-97
29.6	82.8	-3.2	0.7	36.6	10104	-1028	16031	2056	-15	333	42	145	-187	-95
28.9	82.9	-3.2	0.7	36.6	10104	-851	16033	2001	10	295	45	146	-186	-93
28.3	83	-3.2	0.7	36.6	10104	-789	16344	1984	3	244	52	147	-186	-92
27.7	83.1	-3.1	0.7	36.6	10104	-853	16165	2150	38	221	34	147	-187	-91
27.4	83.2	-3.2	0.7	36.6	10104	-984	16035	2002	50	107	13	147	-187	-89
27.2	83.3	-3.2	0.7	36.6	10104	-941	16240	1972	56	49	26	147	-187	-90
27.2	83.5	-3.2	0.7	36.6	10104	-1045	16009	1975	93	9	2	147	-187	-89
27.3	83.6	-3.2	0.7	36.6	10104	-868	16110	2062	103	-89	-21	146	-188	-90
27.5	83.8	-3.2	0.7	36.6	10104	-1098	16342	2047	92	-155	3	146	-188	-89
28	83.7	-3.2	0.7	36.6	10104	-912	16320	2180	45	-247	14	146	-187	-90
28.8	83.6	-3.1	0.7	36.6	10104	-794	16028	1965	-22	-431	-3	145	-187	-91
30.2	83.3	-3.1	0.7	36.6	10104	-1460	16096	1925	-85	-707	7	144	-188	-94
32.1	83.2	-3	0.7	36.6	10104	-983	15790	1846	-8	-909	-46	142	-188	-97
34	83.2	-2.9	0.7	36.6	10104	-532	16343	1726	6	-982	-57	139	-187	-101
35.5	83.3	-2.7	0.7	36.6	10104	-564	16138	1949	67	-791	-25	136	-187	-105
36.7	83.3	-2.4	0.7	36.6	10104	-259	16155	2046	46	-601	14	134	-188	-106
37.3	83.2	-2.2	0.7	36.6	10104	-383	16217	2176	8	-362	90	133	-188	-110
37.8	83	-2	0.7	36.6	10104	-445	16227	2058	-89	-300	64	131	-188	-111
38	82.8	-1.7	0.7	36.6	10104	-10	15961	2514	-77	-179	43	130	-187	-112
37.4	82.9	-1.4	0.7	36.6	10104	550	15545	2345	91	247	138	129	-188	-111
36.9	83.3	-1.3	0.7	36.6	10104	-862	16347	2099	139	172	155	130	-189	-111
36.8	83.8	-1.4	0.7	36.6	10104	-494	15918	1717	239	-13	-7	130	-190	-110
37	84.4	-1.5	0.7	36.6	10104	-128	16631	1728	315	-76	-82	130	-191	-108
37.1	84.6	-1.5	0.7	36.6	10104	-22	16478	1881	136	-121	-38	130	-192	-107
37.2	84.8	-1.5	0.6	36.6	10104	39	16168	1493	64	-87	-56	130	-192	-108
36.8	84.7	-1.4	0.6	36.6	10104	-80	16180	1612	-24	116	19	130	-191	-107
36	84.7	-1.3	0.6	36.6	10104	-43	15871	1569	4	361	52	131	-192	-106
35.3	84.7	-1.3	0.6	36.6	10104	-529	16061	1681	23	282	56	132	-191	-106
35	84.7	-1.4	0.6	36.6	10104	-784	16407	1816	9	111	-17	132	-191	-104
34.7	84.6	-1.3	0.6	36.6	10104	-200	16070	1719	-28	85	16	132	-190	-105
34.2	84.6	-1.2	0.6	36.6	10104	-269	16262	1592	-23	197	70	133	-192	-104
34	84.7	-1.2	0.6	36.6	10104	-284	16070	1710	84	109	49	133	-193	-104
34.3	84.7	-1.1	0.6	36.6	10104	-528	16661	2011	57	-197	118	133	-191	-103
35.4	84.5	-1.1	0.6	36.6	10104	-705	15720	1885	0	-542	-3	131	-192	-103
36.9	84.3	-1.2	0.6	36.6	10104	-447	16226	1887	-36	-787	-79	130	-192	-107
37.6	84.3	-1	0.5	36.6	10104	701	16092	1709	62	-382	-34	128	-192	-110
37.6	84.2	-0.9	0.5	36.6	10104	326	16305	1736	-72	-59	-46	128	-190	-110
37.1	84.2	-0.9	0.5	36.6	10104	-118	16246	1916	0	211	32	127	-190	-111
36.6	84.2	-0.8	0.5	36.6	10104	-116	15954	1621	-19	194	64	129	-190	-111
36	84.3	-0.8	0.5	36.6	10104	-216	16413	1877	67	223	29	129	-191	-110
35.6	84.2	-0.7	0.5	36.6	10104	-102	16436	1709	-34	133	19	130	-190	-110
35.2	84	-0.6	0.5	36.6	10104	-148	16122	1825	-74	163	72	130	-190	-110
34.7	84	-0.6	0.5	36.6	10104	36	16298	2082	33	217	46	131	-191	-109
34.3	84.1	-0.6	0.5	36.6	10104	-416	15940	1962	94	149	20	130	-190	-108
34.2	84.1	-0.6	0.5	36.6	10104	-153	16058	2009	40	5	18	132	-191	-107
34	84.2	-0.5	0.6	36.6	10104	490	16641	1648	44	42	8	133	-192	-107
33.8	84.3	-0.5	0.6	36.6	10104	-373	15798	1602	92	91	75	131	-191	-106
33.6	84.7	-0.5	0.6	36.6	10104	-72	15968	1760	217	79	-10	131	-192	-105
33.5	85	-0.4	0.6	36.6	10104	-284	16202	1688	201	-36	16	132	-192	-104
33.3	85.5	-0.2	0.6	36.6	10104	264	16265	1498	245	63	86	132	-194	-103
32.6	85.6	0	0.6	36.6	10104	11	16665	1293	89	313	95	132	-195	-102
31.8	85.7	-0.1	0.6	36.6	10104	-224	16018	1321	53	354	21	132	-196	-100
31.3	85.8	-0.1	0.6	36.6	10104	-218	16395	1186	58	200	6	133	-196	-98
31.1	85.8	-0.1	0.6	36.6	10104	-74	16044	1360	46	116	18	134	-195	-97
30.8	85.8	-0.1	0.6	36.6	10104	-266	16243	1254	33	92	3	134	-195	-97
30.6	85.8	0	0.6	36.6	10104	-125	16312	1214	54	73	12	135	-197	-97
30.5	85.8	0	0.6	36.6	10104	-118	16329	1204	53	47	0	135	-196	-97
30.5	85.8	0	0.6	36.6	10104	8	16289	1226	26	-21	15	134	-196	-96
30.5	85.7	0	0.6	36.6	10104	-236	16427	1159	6	-37	12	135	-197	-97
30.5	85.7	0	0.6	36.6	10104	24	16271	1242	37	-22	-13	135	-196	-97
30.5	85.7	0	0.6	36.6	10105	33	16353	1154	13	-20	-8	134	-195	-96
30.5	85.7	0	0.6	36.6	10105	-213	16192	1185	29	-19	-12	133	-195	-96
30.5	85.7	0	0.5	36.6	10105	20	16334	1249	57	-24	-31	135	-197	-98
30.5	85.7	0	0.5	36.6	10105	-44	16270	1258	36	-16	-11	135	-196	-96
30.5	85.7	-0.1	0.5	36.6	10105	-91	16303	1156	49	-8	-9	136	-195	-98
30.5	85.8	-0.1	0.5	36.6	10104	36	16211	1255	68	-8	-8	135	-196	-97
30.4	85.8	-0.1	0.5	36.6	10104	-187	16300	1245	49	13	6	135	-196	-96
30.3	85.8	0	0.5	36.6	10104	24	16334	1207	40	18	14	135	-196	-96
30.3	85.8	0	0.5	36.6	10105	-175	16247	1064	23	2	-1	135	-196	-96
30.3	85.9	0	0.5	36.6	10105	-118	16108	1178	52	-1	1	134	-197	-96
30.2	85.9	0	0.5	36.6	10105	-45	16229	1104	32	-3	4	135	-196	-95
