-178.7	90.6	-2	0.2	36.3	10105	-639	16273	-207	1	-14	0	-167	-220	6
-178.7	90.6	-2	0.2	36.3	10105	-634	16300	-254	35	-2	-8	-168	-220	6
-178.7	90.6	-2	0.2	36.3	10105	-593	16288	-293	32	6	1	-167	-219	6
-178.7	90.7	-2	0.2	36.3	10105	-706	16326	-297	29	-3	9	-167	-220	6
-178.8	90.7	-2	0.2	36.3	10105	-652	16363	-296	33	14	-1	-167	-221	5
-178.8	90.8	-2	0.2	36.3	10105	-654	16346	-259	45	15	-3	-167	-220	6
-178.8	90.8	-2	0.2	36.3	10105	-610	16364	-343	42	-2	-2	-167	-220	5
-178.9	90.9	-2	0.1	36.3	10105	-610	16346	-320	45	-3	4	-167	-220	6
-178.9	90.9	-2	0.1	36.3	10105	-701	16385	-339	40	-7	11	-167	-220	6
-178.9	90.9	-2	0.1	36.3	10105	-692	16429	-366	31	-17	-7	-166	-220	7
-178.9	91	-2	0.1	36.3	10105	-575	16299	-496	47	18	-1	-168	-220	7
-179	91.1	-2.1	0.1	36.3	10105	-738	16407	-440	36	38	-7	-167	-221	6
-179.1	91.1	-2.1	0.1	36.3	10105	-659	16387	-419	36	22	-7	-167	-220	6
-179.1	91.1	-2.1	0.1	36.3	10105	-601	16447	-438	38	35	6	-167	-221	6
-179.2	91.1	-2.1	0.1	36.3	10105	-656	16286	-385	42	15	-14	-167	-220	6
-179.2	91.2	-2.1	0.1	36.3	10105	-584	16344	-469	24	-22	0	-167	-220	6
-179.2	91.2	-2.1	0.1	36.3	10105	-638	16356	-487	42	-11	6	-167	-221	6
-179.2	91.2	-2.1	0.1	36.3	10105	-670	16278	-495	43	11	6	-166	-220	6
-179.2	91.2	-2.1	0.1	36.3	10105	-623	16419	-472	34	13	11	-167	-220	6
-179.2	91.2	-2.1	0	36.3	10105	-726	16268	-493	18	-5	8	-167	-220	6
-179.2	91.3	-2.1	0	36.3	10105	-687	16498	-517	29	-22	-5	-166	-220	6
-179.2	91.2	-2.1	0	36.3	10105	-544	16250	-480	19	-7	1	-167	-220	6
-179.3	91.2	-2.1	0	36.3	10105	-642	16319	-470	2	19	5	-167	-220	7
-179.3	91.2	-2.1	0	36.3	10105	-702	16316	-440	-2	17	10	-167	-220	6
-179.3	91.1	-2.1	0	36.3	10105	-719	16260	-376	7	-3	12	-167	-222	6
-179.4	91.1	-2.1	0	36.3	10105	-755	16333	-436	-2	3	24	-168	-221	6
-179.4	91	-2	0	36.3	10105	-638	16313	-336	6	2	10	-167	-220	5
-179.3	91	-2	0	36.3	10105	-546	16341	-370	-22	-33	4	-167	-220	6
-179.2	90.9	-2	0	36.3	10105	-622	16183	-300	-15	-36	0	-167	-220	5
-179.2	90.8	-2	0	36.3	10105	-544	16305	-343	5	-31	0	-167	-220	6
-179.1	90.8	-2	0	36.3	10105	-649	16321	-268	4	-41	5	-166	-221	6
-179.1	90.7	-2	0	36.3	10105	-516	16513	-269	-13	-21	-3	-167	-220	6
-179	90.6	-2	0	36.3	10105	-661	16200	-277	-11	-38	-6	-166	-220	5
-178.9	90.6	-2	0	36.3	10105	-626	16319	-320	-23	-54	-2	-168	-220	5
-178.8	90.5	-1.9	0	36.3	10105	-476	16438	-237	-12	-56	18	-167	-221	6
-178.7	90.4	-1.9	0	36.3	10105	-418	16369	-366	-43	-64	24	-166	-219	6
-178.5	90.2	-1.8	0	36.3	10105	-385	16485	-270	-73	-73	39	-167	-220	5
-178.3	89.9	-1.7	0	36.3	10105	-499	16265	-46	-101	-120	12	-167	-220	6
-177.9	89.6	-1.8	0	36.3	10105	-373	16423	-4	-127	-154	-40	-166	-219	8
-177.8	89.2	-1.9	0	36.3	10105	-347	16298	-37	-187	-94	-105	-167	-221	6
-177.9	89	-2	0	36.3	10105	-620	16212	72	-122	42	-55	-166	-222	6
-178	88.7	-2.2	0	36.3	10105	-1055	16303	540	-81	79	-62	-165	-223	3
-177.9	88.4	-2.3	0	36.3	10105	-724	16352	494	-156	-51	-66	-166	-223	4
-177.6	87.9	-2.3	0	36.3	10105	-761	16362	638	-177	-155	11	-165	-223	2
-177.3	87.4	-2.1	0	36.3	10105	-208	16148	660	-197	-112	64	-165	-223	3
-177.1	86.6	-2	0	36.3	10105	-265	16509	683	-410	-66	23	-166	-223	1
-177.2	85.9	-2	0	36.3	10105	-14	16082	536	-433	64	-57	-165	-223	0
-177.5	85.5	-2	0	36.3	10105	-149	15990	980	-252	166	-43	-163	-224	-3
-177.8	85.5	-2	0	36.3	10105	-488	16016	911	-63	156	-33	-165	-224	-4
-178.1	85.6	-2	0	36.3	10105	-605	16342	1137	6	152	15	-165	-224	-6
-178.1	85.6	-2.1	0	36.3	10105	-320	16214	1129	27	39	-82	-165	-225	-7
-177.8	85.5	-2.6	0	36.3	10105	-1741	16173	1293	-41	-151	-162	-164	-224	-7
-177.9	85.2	-3.3	0	36.3	10105	-904	16527	1308	-130	102	-290	-162	-227	-7
-178.4	84.8	-4.6	0	36.3	10105	-2462	15684	1236	-339	363	-386	-161	-230	-9
-177.3	84.4	-5.5	0	36.3	10105	-4287	17663	-98	-400	-593	-249	-158	-231	-11
-175.6	83.9	-6.4	-0.1	36.3	10105	-2910	15660	516	-266	-724	-373	-157	-233	-9
-174.2	83.5	-6.9	-0.1	36.3	10105	-2090	14890	164	-333	-671	-236	-156	-236	-7
-172.2	83.5	-7	-0.1	36.3	10105	-2692	15829	-591	-159	-938	-87	-155	-236	-5
-170.1	83.7	-6.5	-0.1	36.3	10105	-2118	15008	-548	-34	-1091	222	-155	-237	3
-168.1	83.8	-6	-0.1	36.3	10105	-2993	15867	417	-38	-993	190	-156	-235	5
-166.3	84	-5.5	-0.1	36.3	10105	-2734	17760	-636	-10	-1030	277	-158	-232	10
-165.7	83.5	-4.7	-0.1	36.3	10105	-1829	18642	411	-303	-452	349	-160	-230	14
-167.2	83.7	-5.6	-0.1	36.3	10105	-2870	16687	1011	360	964	-356	-163	-230	9
-167	82	-5.3	-0.1	36.3	10105	1207	18579	6044	-538	-292	-164	-163	-231	7
-168.5	81	-4	-0.1	36.4	10105	1192	16345	5170	-271	688	415	-166	-231	3
-170.7	80.7	-2.1	-0.1	36.4	10105	1152	15004	3947	-2	978	911	-172	-227	-3
-171.9	80.5	-0.8	-0.1	36.4	10105	-281	12082	3621	58	404	667	-178	-220	-7
-173	80.7	0	-0.1	36.4	10105	564	13081	2722	150	455	389	-183	-217	-9
-174.6	81.8	0.1	-0.1	36.4	10105	994	14151	922	435	741	3	-186	-214	-12
-177.1	82.7	0.1	-0.1	36.4	10105	1364	15958	-224	170	1224	4	-188	-216	-17
179.8	83.3	0.1	-0.1	36.4	10105	-91	16358	1069	332	1465	104	-189	-214	-25
176.7	84.6	0.8	-0.1	36.4	10105	2922	19653	-3533	260	1490	285	-191	-213	-30
176.5	84.3	1.8	-0.1	36.4	10105	-8149	22898	7519	94	48	929	-195	-210	-38
176.8	83.2	3.2	-0.1	36.4	10105	4057	16136	5142	-367	-91	309	-203	-202	-31
177.8	82.6	2	-0.1	36.4	10105	-3497	15654	3908	-59	-602	-121	-206	-200	-33
-179.7	83.1	-0.8	-0.1	36.4	10105	-2050	14955	2728	352	-996	-1335	-203	-207	-25
-177.1	82.7	-2.3	-0.1	36.4	10105	412	13028	2499	-17	-1127	-743	-197	-216	-15
-174.5	82.3	-2.9	-0.1	36.4	10105	-2010	13603	1260	-261	-1244	-356	-195	-220	-8
-172	82.5	-2.1	-0.1	36.4	10105	-1396	14665	44	-83	-1171	459	-196	-221	0
-168.9	83.4	-2.3	-0.1	36.4	10105	-1714	17269	711	283	-1585	-156	-197	-217	12
-167.2	84.2	-3.9	-0.1	36.4	10105	-4766	20257	-433	97	-733	-572	-194	-220	22
-167.8	84.4	-6.8	-0.1	36.4	10105	2794	17372	3899	515	907	-1934	-187	-227	29
-166	82.4	-7	-0.1	36.4	10105	1984	19341	6121	-720	-1023	-391	-180	-237	29
-167	82.4	-4.9	-0.1	36.4	10105	799	15386	4044	166	501	682	-178	-236	29
-170	83.2	-2.2	-0.1	36.4	10105	2172	13170	2128	339	1440	1203	-187	-225	27
-171.7	83.6	-1.7	-0.1	36.4	10105	-2041	11850	1645	84	782	490	-196	-215	20
-173.2	84.1	-1.3	-0.1	36.4	10105	226	14151	-48	3	632	208	-200	-210	18
-175.9	84	-1.4	-0.1	36.4	10105	904	16726	-406	-323	1518	-88	-203	-208	9
-178.2	85	-0.7	-0.1	36.4	10105	-618	17440	-2520	-103	955	276	-205	-205	1
-179.6	85	1.3	-0.1	36.4	10105	-5923	21549	8103	296	1158	1321	-213	-196	-8
-178.3	84.4	3.9	-0.1	36.4	10105	9172	17370	5389	15	-679	607	-222	-178	0
-179.3	83.5	2.6	-0.1	36.4	10105	-5268	19374	4776	-108	574	-34	-225	-172	-6
-177.6	83.1	-0.4	-0.1	36.4	10105	-2999	12770	2517	-101	-604	-1247	-223	-174	-10
-173.6	83.2	-2.8	-0.1	36.4	10105	-1404	13160	1311	177	-1859	-1164	-218	-182	-2
-170.7	82.8	-3.2	0	36.4	10105	-370	13002	1028	-240	-1298	-366	-211	-187	6
-168.5	82.7	-2.1	0	36.4	10105	-168	14879	-324	-188	-1240	422	-211	-185	12
-167.4	83	-2.2	0	36.4	10105	-1052	16336	1476	33	-456	-120	-210	-182	16
-164.3	84.4	-3.5	0	36.4	10105	-6843	18246	-3522	553	-1719	-362	-208	-183	20
-165.8	83.7	-5	0	36.4	10105	10301	22357	9098	-477	822	-1479	-199	-188	26
-166.7	82.8	-5.5	0	36.4	10105	-7262	18836	6046	-328	236	307	-195	-195	15
-167	82.6	-3.8	0	36.4	10105	3490	16884	2808	160	75	256	-197	-193	14
-169.1	82	-1.1	0	36.4	10105	2483	11674	2496	-160	843	1128	-198	-187	12
-172.2	81.6	0.4	0	36.4	10105	948	12492	1602	-176	1296	791	-204	-180	2
-175.1	82.2	0.1	0	36.4	10105	-976	13282	-133	89	1309	146	-207	-176	-8
-177.5	82.3	-0.1	0	36.4	10105	-120	16294	352	-74	1184	-78	-205	-179	-18
-179.7	83	0.7	0	36.4	10105	-158	17529	-2343	33	878	367	-204	-179	-25
177.3	82.9	2.3	0	36.4	10105	-209	21742	2651	-145	1591	1027	-207	-176	-35
178.3	82.6	5	0	36.4	10105	7615	16438	5205	368	-1115	1083	-214	-166	-33
177.1	81.6	3.3	0	36.4	10105	-6066	20804	5854	-125	725	-234	-216	-166	-37
178.7	81.4	0.2	0	36.4	10105	-1014	14014	3663	75	-555	-1352	-213	-173	-37
-178.4	81.6	-2.1	0.1	36.4	10105	-618	12190	2280	228	-1318	-1340	-207	-189	-30
-176.6	82.1	-2.5	0.1	36.4	10105	-1433	12100	945	57	-807	-167	-203	-197	-20
-174.3	82.9	-2.1	0.1	36.4	10105	-2426	14902	-1098	173	-1127	302	-204	-199	-9
-171.2	82.8	-1.9	0.1	36.4	10105	-1729	16637	2694	-192	-1538	-15	-206	-199	-3
-168.2	84.1	-3.1	0.1	36.4	10105	-6220	18952	-4477	254	-1499	-292	-204	-204	7
-167.7	83.4	-4.5	0.1	36.4	10105	11238	23706	6848	-429	-538	-1354	-200	-212	17
-168.7	81.6	-5.6	0.1	36.4	10105	-6395	18612	7418	-548	399	-174	-193	-228	10
-169.7	81.3	-3.5	0.1	36.4	10105	4221	16570	3287	8	414	600	-194	-228	8
-172.7	81.3	-0.8	0.2	36.4	10105	1502	12193	2026	7	1232	1318	-202	-222	5
-175.4	81.2	0	0.2	36.4	10105	-596	12181	1996	-90	1325	594	-208	-214	-4
-177.4	81.8	0	0.2	36.4	10105	-555	13720	508	36	913	153	-212	-212	-8
179.9	82.2	-0.2	0.2	36.4	10105	892	16370	-470	-2	1288	-88	-211	-214	-18
177.8	82.2	0	0.2	36.4	10105	-949	15790	686	-216	851	238	-212	-215	-29
173.9	84.1	1.5	0.2	36.4	10105	4693	17498	-4507	821	2126	655	-212	-213	-38
174.8	83.8	3.7	0.2	36.4	10105	-13036	21785	12476	369	-1020	1864	-215	-206	-44
173.5	83.7	3.5	0.2	36.4	10105	3876	22617	5281	123	1033	-265	-220	-198	-35
174.5	84	1.3	0.2	36.4	10105	-2356	15821	3833	302	-417	-680	-215	-201	-38
177.7	84	-1.5	0.2	36.4	10105	-2296	12275	2795	153	-1448	-1398	-208	-213	-30
-179.3	84.1	-2.4	0.2	36.4	10105	-373	12062	570	42	-1302	-517	-198	-222	-18
-176.7	84.6	-2.1	0.2	36.4	10105	-932	13586	-829	31	-1196	82	-197	-224	-9
-174	84.6	-1.6	0.2	36.4	10105	-1991	15798	1918	-65	-1223	336	-197	-223	0
-170.7	86	-2.8	0.2	36.4	10105	-2660	19045	-4537	188	-1594	-500	-193	-222	10
-168.4	85.9	-3.9	0.2	36.4	10105	2863	20980	3226	459	-1150	-954	-185	-228	23
-169.3	85	-5.7	0.2	36.4	10105	-2330	15626	5322	313	934	-960	-174	-236	23
-168.6	83.4	-5	0.2	36.4	10105	2757	20872	4242	-555	-382	-163	-169	-240	20
-170	83.2	-2.4	0.2	36.4	10105	1191	14593	2216	-80	563	1081	-171	-236	17
-173.3	82.4	0	0.2	36.4	10105	1482	12766	2198	-392	1566	1106	-178	-228	10
-176.5	82.3	0.7	0.2	36.4	10105	380	12997	991	-210	1558	616	-185	-222	-2
-179.2	82.9	0.1	0.2	36.4	10105	-1126	14540	-515	-18	1309	-26	-186	-219	-12
179	82.4	0.2	0.2	36.4	10105	1067	16448	1551	-381	820	87	-184	-218	-21
176	83.6	1.1	0.2	36.4	10105	1790	18606	-3341	-6	1343	366	-183	-217	-28
172.4	83.6	2.6	0.2	36.4	10105	-2848	20313	2727	-80	1871	1057	-184	-213	-41
174.1	83.2	4.9	0.2	36.4	10105	3766	14233	3946	456	-1766	1161	-192	-201	-40
172.9	82.1	3.3	0.2	36.4	10105	-6456	21842	6481	-348	935	-270	-191	-201	-38
175	81.6	0.8	0.2	36.4	10105	-1166	14561	3544	-145	-822	-1081	-188	-203	-44
178.5	81.4	-1.7	0.2	36.4	10105	-1045	12151	2177	62	-1545	-1401	-181	-214	-35
-179	81.4	-2.6	0.2	36.4	10105	-1279	12090	1668	-87	-1028	-552	-174	-221	-29
-176.7	82.8	-2	0.1	36.4	10105	-978	13812	-125	535	-1121	229	-172	-223	-21
-174	83.1	-1.5	0.1	36.4	10105	-2164	17660	1552	12	-1290	272	-175	-222	-11
-170.9	84.5	-2.5	0.1	36.4	10105	-2777	17871	-1978	476	-1476	-374	-174	-223	-3
-168.1	85.3	-3.3	0.1	36.4	10105	476	19865	-190	413	-1478	-560	-170	-226	9
-169.6	84.4	-5.3	0.1	36.4	10105	7479	16822	6559	330	1423	-1719	-161	-233	12
-169	83.1	-4.5	0.1	36.4	10105	-900	19874	4895	-457	-659	351	-156	-239	7
-170.5	83.5	-2.3	0.1	36.4	10105	1921	14599	2294	259	785	757	-158	-236	7
-173	82.8	-0.3	0.1	36.4	10105	385	12382	2324	-336	1122	1066	-164	-230	4
-175	82.6	0.2	0.1	36.4	10105	331	12696	723	-201	973	407	-169	-224	-4
-176.4	83	-0.3	0.1	36.4	10105	-330	14339	-806	-37	683	-177	-170	-224	-9
-178.3	81.9	-0.1	0.1	36.4	10105	2144	15954	2983	-675	910	89	-167	-226	-16
177.8	83.4	1	0.1	36.4	10105	2549	19126	-4568	40	1706	611	-169	-223	-25
175.6	82.7	2	0.1	36.4	10105	-8250	20422	8190	-95	1278	924	-169	-217	-36
176.8	82.2	4.2	0.1	36.4	10105	8912	16406	4594	198	-985	646	-176	-207	-31
175.2	81.5	2.6	0.1	36.4	10105	-6395	19272	5372	67	908	-92	-173	-205	-37
177.3	81.5	-0.5	0.1	36.4	10105	-3004	12900	3826	262	-784	-1294	-168	-207	-37
-178	81.6	-2.9	0.1	36.4	10105	-1175	12182	2891	254	-2044	-1336	-159	-216	-28
-174.5	81.8	-3.4	0.1	36.4	10105	-1219	12542	1403	138	-1633	-496	-153	-221	-16
-171	82	-2.5	0.1	36.4	10105	-537	15137	-370	-57	-1652	202	-149	-222	-7
-167.4	82	-2	0.1	36.4	10105	-1602	15358	1896	48	-1749	38	-149	-218	2
-164.2	83.5	-2.8	0.1	36.4	10105	-3062	18662	-3976	250	-1506	-254	-146	-218	10
-162.8	82.8	-4.5	0.1	36.4	10105	8015	23974	7192	-286	-778	-1398	-139	-219	21
-163.4	81.6	-5.6	0.1	36.4	10105	-5548	15908	6618	90	503	-318	-130	-225	18
-164.2	80.8	-3.8	0.1	36.4	10105	4712	17155	3771	-229	357	292	-130	-221	16
-167	80.9	-1.1	0.1	36.4	10105	1496	12986	2476	30	1184	1406	-135	-214	10
-169.6	80.8	0	0.1	36.4	10105	-860	13202	2414	-78	1225	732	-143	-204	6
-171.6	81.2	0.2	0.1	36.4	10105	-285	13981	847	-45	1057	322	-146	-199	0
-173.6	82	-0.5	0.1	36.4	10105	-880	14176	-496	170	1046	-217	-146	-197	-4
-175.2	81.7	-0.4	0.1	36.4	10105	1006	15785	3466	-352	685	178	-145	-195	-8
-178.6	83.6	1.3	0.1	36.4	10105	4976	18580	-4866	439	1606	716	-144	-193	-14
-178.6	83.1	3.5	0.1	36.4	10105	-12591	23173	11658	261	-266	1849	-146	-185	-18
-178.8	82.2	4.5	0.1	36.4	10105	7549	19479	5470	-256	242	60	-149	-176	-13
-178.6	82.1	1.9	0.1	36.4	10105	-4365	14643	4198	226	-50	-574	-147	-176	-18
-175.5	82.5	-1.5	0.1	36.4	10105	-3122	12230	2382	312	-1278	-1615	-138	-184	-15
-171.9	82.5	-2.6	0.1	36.4	10105	609	12327	1702	40	-1565	-759	-128	-190	-7
-169.3	83.1	-2.5	0	36.4	10105	-580	14232	252	127	-1283	-163	-123	-192	-1
-166.4	83.5	-1.6	0	36.4	10105	-1806	16070	513	-14	-1455	513	-119	-191	2
-164	84.7	-1.9	0	36.4	10105	429	16846	-1707	364	-975	-306	-115	-190	10
-161	85.2	-3.2	0	36.4	10105	-4404	19962	1179	445	-1670	-655	-110	-192	13
-161.8	85	-5.3	0	36.4	10105	-5055	18514	7382	640	1079	-1135	-100	-196	14
-161	83.1	-4.6	0	36.4	10105	2651	19341	4483	-563	-480	-180	-98	-199	11
-163	82.8	-2.2	0	36.4	10105	1574	14373	2513	-69	876	928	-98	-199	9
-165.5	82.4	-0.4	0	36.4	10105	660	12640	2304	-182	1164	894	-106	-195	3
-167.6	82.2	0.2	0	36.4	10105	376	13179	947	-189	950	480	-110	-192	-2
-169.4	82	0	0	36.4	10105	336	14549	412	-233	855	-76	-111	-193	-7
-171.6	81.5	-0.3	0	36.4	10105	126	16032	594	-394	1073	-113	-110	-195	-15
-174.1	82.5	0	0	36.4	10105	110	17562	-2567	114	1093	146	-109	-196	-21
-177.9	82.8	1.3	0	36.4	10105	1159	20580	1152	150	2096	879	-110	-197	-28
-177.3	82.7	3.9	0	36.4	10105	2537	15758	5083	584	-1259	1379	-116	-192	-30
-179.2	81.5	2.9	0	36.4	10105	-2782	20907	6127	-273	1180	-108	-117	-191	-31
-177.5	81.2	-0.1	0	36.4	10105	-2032	14368	3840	82	-639	-1210	-115	-195	-34
-172.9	81	-2.9	0	36.4	10105	-3301	12742	2687	124	-2154	-1366	-108	-204	-29
-168.5	81	-3.6	0	36.4	10105	-390	12948	1394	101	-1934	-741	-101	-209	-21
-164.9	81.7	-3	0	36.4	10105	-88	13848	-409	194	-1768	-50	-98	-211	-12
-161.3	81.2	-2.2	0	36.4	10105	-1168	16944	978	-265	-1751	159	-97	-212	-6
-157.4	81.9	-2.6	0	36.4	10105	-918	16861	-1671	157	-1757	-365	-95	-215	-2
-153.3	82.1	-3.5	0	36.4	10105	-1419	21246	125	24	-2135	-843	-90	-218	10
-153.7	81.6	-5.8	0.1	36.4	10105	-290	16222	7734	367	966	-1494	-81	-223	8
-152.2	79.5	-5	0.1	36.4	10105	757	20674	5916	-903	-1028	44	-76	-227	7
-152.8	79.8	-2.5	0.1	36.4	10105	-65	14254	3358	339	199	949	-77	-227	6
-154.1	79.7	-0.2	0.1	36.4	10105	1245	12840	2587	9	565	1051	-86	-224	5
-155.6	80.3	0.7	0.1	36.4	10105	918	12675	564	104	614	457	-91	-222	3
-157.9	81	0.6	0.1	36.4	10105	1244	14471	-415	64	1123	-14	-93	-222	1
-160.9	81.6	0.4	0.1	36.4	10105	1289	15376	716	190	1681	-45	-92	-224	-4
-164.1	83	1.6	0.1	36.4	10105	2415	17787	-2629	372	1376	570	-94	-223	-7
-166.5	83.1	2.7	0.2	36.4	10105	-5328	22018	6101	212	1279	872	-98	-224	-14
-167.5	82	5.5	0.2	36.4	10105	6489	20630	4950	1	136	1155	-105	-218	-11
-170.4	80.2	4	0.2	36.4	10105	-5555	17699	5232	-526	1591	257	-110	-215	-20
-168.7	80.3	-0.1	0.2	36.4	10105	-3610	14420	2463	192	-608	-1684	-106	-220	-22
-165.4	80.2	-2.5	0.2	36.4	10105	-1495	11245	1552	82	-1530	-1363	-96	-227	-19
-163.7	80.1	-2.7	0.2	36.4	10105	-1006	12212	884	-171	-779	-184	-91	-232	-16
-162.4	80.6	-1.8	0.2	36.4	10105	-1425	14422	-416	-44	-706	455	-91	-232	-13
-160.8	81.3	-1.3	0.2	36.4	10105	-1713	16709	2440	150	-759	114	-93	-231	-10
-157.8	83.4	-2.3	0.2	36.4	10105	-7699	19272	-3820	683	-1567	-234	-92	-232	-6
-156.2	83.5	-3.2	0.2	36.4	10105	7280	21032	8070	535	-951	-878	-87	-232	2
-155.6	82.5	-4.8	0.3	36.4	10105	-7676	18068	5687	-277	-408	-351	-80	-238	4
-156.1	82.2	-3.7	0.3	36.4	10105	5678	17943	3972	249	365	-93	-77	-239	3
-159.4	82.5	-0.6	0.3	36.4	10105	2409	13947	2630	245	1319	1449	-84	-236	3
-163.6	82	1	0.3	36.4	10105	-376	11708	2022	-162	1879	1117	-94	-232	-2
-166.9	82.7	1.2	0.3	36.4	10105	-1411	13390	-613	207	1595	516	-101	-227	-10
-169.6	82.5	0.5	0.3	36.4	10105	-1144	15238	549	-221	1299	-211	-102	-226	-12
-172.2	81.8	0.4	0.3	36.4	10105	-929	15294	906	-626	1017	84	-102	-227	-23
-177	82.9	1.3	0.3	36.4	10105	5490	18715	-5116	314	2516	538	-102	-226	-29
-177.6	82.6	3.7	0.3	36.4	10105	-10563	20728	10861	658	-218	1922	-107	-222	-36
179.5	81.4	4.5	0.3	36.4	10105	6338	21152	4712	-397	1760	114	-114	-216	-33
178.2	81.3	2.6	0.2	36.4	10105	-3010	16235	4008	214	474	-196	-112	-214	-41
179.3	81.3	-1.1	0.2	36.4	10105	-2306	13580	2912	191	-336	-1680	-106	-220	-41
-179.1	81.1	-2.6	0.2	36.4	10105	238	11556	1500	-30	-606	-812	-98	-226	-39
-177.6	81.4	-2.9	0.2	36.4	10105	-1364	13072	147	56	-738	-121	-95	-226	-38
-175.5	81.9	-2.1	0.2	36.4	10105	-2352	16534	-173	83	-1039	504	-96	-226	-34
-172.7	82.4	-2.8	0.2	36.4	10105	-1176	16961	-246	66	-1251	-513	-98	-225	-28
-169.9	83	-3.8	0.2	36.4	10105	-5040	18723	-1190	175	-1641	-342	-94	-227	-23
-170.6	83.1	-5.4	0.2	36.4	10105	5450	17475	4087	188	789	-1269	-89	-229	-18
-169.4	81	-5.7	0.2	36.4	10105	-357	19159	5532	-966	-912	-127	-84	-232	-19
-169.5	80.5	-4.3	0.1	36.4	10105	1478	15352	3941	-43	45	176	-82	-233	-23
-171.4	80.5	-1.5	0.1	36.4	10105	2896	13672	2245	-44	756	1104	-88	-229	-22
-173.7	80	-0.5	0.1	36.4	10105	-524	12543	1980	-202	1062	655	-93	-224	-26
-175.2	80.2	-0.7	0.1	36.4	10105	-28	14074	572	-126	702	1	-95	-223	-29
-177.3	80.4	-1.1	0.1	36.4	10105	748	15254	-492	-254	1056	-191	-94	-224	-32
-179.7	80.9	-0.9	0.1	36.4	10105	233	16252	462	-160	1008	185	-93	-223	-38
177.2	81.7	0.2	0.1	36.4	10105	4989	19174	-1538	279	1704	558	-92	-219	-42
178.3	82.2	2.6	0.1	36.4	10105	-2664	16976	4818	754	-1616	1564	-98	-216	-41
175.9	81.2	2.6	0.1	36.4	10105	121	19286	5990	-256	1492	75	-99	-212	-40
176.7	80.9	0.9	0.1	36.4	10105	-2466	14776	4283	101	-388	-430	-100	-210	-42
-179.9	81.1	-2.2	0.1	36.4	10105	-2886	14148	3070	254	-1383	-1472	-95	-215	-38
-176.2	81.2	-3.6	0.1	36.4	10105	-407	12433	1372	78	-1686	-920	-88	-220	-31
-173.4	81.8	-3.3	0.1	36.4	10105	-626	13595	-508	75	-1414	-52	-84	-221	-26
-170.9	81.9	-2.2	0.1	36.4	10105	-1253	15474	334	1	-1295	543	-86	-219	-20
-167.9	83.1	-2.5	0.1	36.4	10105	-415	16844	-2428	425	-1313	-299	-87	-218	-15
-164	84.4	-3.4	0.1	36.4	10105	-3898	20055	-418	563	-2074	-494	-85	-219	-5
-164.2	84.7	-5.2	0.1	36.4	10105	3139	17335	6050	697	685	-1417	-78	-221	0
-163.7	83.3	-4.8	0.1	36.4	10105	1039	20929	4918	-635	-479	-44	-73	-223	1
-165.5	83.2	-2.6	0.1	36.4	10105	608	15705	2378	8	740	882	-76	-223	0
-168.7	82.6	-0.2	0.1	36.4	10105	1680	13142	1608	-333	1555	1062	-84	-218	-3
-171.5	82.3	0.5	0.1	36.4	10105	-104	12979	528	-279	1265	639	-90	-215	-9
-173.6	82.7	-0.1	0.2	36.4	10105	-1290	13593	-391	-117	991	-101	-92	-213	-14
-175.3	82.1	-0.4	0.2	36.4	10105	853	16315	1142	-494	875	-162	-90	-214	-18
-177.8	83.4	0.4	0.2	36.4	10105	756	18190	-3164	68	1031	393	-90	-212	-22
179.5	83.2	1.9	0.2	36.4	10105	-2932	21927	3931	-287	1466	1100	-94	-210	-27
-179.7	83.1	4.4	0.2	36.4	10105	6077	16703	3246	212	-989	1085	-102	-204	-24
178.5	82.1	3.5	0.2	36.4	10105	-5231	20795	5941	-165	900	93	-104	-201	-26
179.7	82.1	0.6	0.3	36.4	10105	-1945	15416	3323	129	-353	-1164	-102	-202	-27
-177.2	81.8	-1.7	0.3	36.4	10105	-908	11903	2956	-7	-1427	-1176	-95	-208	-24
-174.5	81.8	-2.5	0.3	36.4	10105	-1718	12076	1537	-59	-1201	-483	-90	-211	-19
-172.5	83.2	-1.5	0.3	36.4	10105	216	14372	-1563	290	-996	343	-90	-210	-13
-170.2	83.4	-0.9	0.3	36.4	10105	-3253	17242	1392	-71	-1157	569	-93	-208	-9
-167.6	84.3	-1.8	0.3	36.4	10105	-1788	19580	-3855	206	-1230	-428	-91	-208	-5
-167.7	84.3	-3.2	0.4	36.4	10105	8232	22846	5930	175	-36	-1131	-88	-209	-1
-168.1	82.6	-4.5	0.4	36.4	10105	-5352	18914	6904	-569	31	-371	-83	-213	-3
-169.6	81.7	-3.4	0.4	36.4	10105	3164	17769	4028	-373	762	227	-83	-213	-7
-172.4	81.7	-1	0.4	36.4	10105	1682	13982	1880	-31	1125	1156	-88	-210	-10
-175.4	81.4	0	0.4	36.4	10105	-441	12563	2338	-237	1457	635	-95	-205	-16
-177.8	81.7	0	0.4	36.4	10105	-218	13471	912	-10	1221	237	-99	-201	-21
-179.4	81.9	-1	0.4	36.4	10105	-1638	14756	-25	-62	876	-312	-100	-201	-25
179.4	80.7	-0.9	0.4	36.4	10105	1595	16174	3073	-829	453	51	-99	-202	-29
175.5	82.3	0.5	0.4	36.4	10105	4243	17832	-4335	216	1716	655	-102	-200	-33
174.2	81.8	1.9	0.4	36.4	10105	-12378	22374	9723	341	720	1283	-106	-194	-41
174.8	81.2	3.8	0.4	36.4	10105	8799	18215	4678	-68	-257	299	-115	-187	-35
174.3	80.4	3	0.4	36.4	10105	-4129	17856	5354	-71	141	231	-117	-185	-39
176.6	80.8	-0.4	0.4	36.4	10105	-2637	13788	3586	375	-750	-1563	-115	-186	-38
-179	81.3	-2.6	0.4	36.4	10105	-23	12262	2442	414	-2023	-1255	-108	-194	-32
-175.8	81.8	-2.9	0.4	36.4	10105	-824	13024	876	117	-1554	-442	-105	-198	-24
-173.3	83	-1.8	0.4	36.4	10105	-772	14620	-440	345	-1185	547	-105	-199	-17
-170.4	84.1	-2	0.4	36.4	10105	-1441	17158	1229	409	-1486	-203	-110	-198	-12
-167.5	85.1	-3.2	0.4	36.4	10105	-5472	19520	-2311	256	-1355	-397	-107	-199	-6
-168	85	-5.1	0.3	36.4	10105	8769	18170	5884	649	758	-1755	-101	-204	-2
-167.3	83.3	-5.1	0.3	36.4	10105	-1782	19945	5341	-789	-686	42	-96	-209	-4
-168.7	83.5	-2.9	0.3	36.4	10105	2655	15394	2096	171	653	673	-98	-209	-5
-171.8	83.6	-0.6	0.3	36.4	10105	1008	12731	1610	16	1468	1149	-105	-203	-7
-174.1	83.1	0.2	0.3	36.4	10105	-337	12863	1148	-297	878	505	-110	-199	-15
-176.2	83	0	0.3	36.4	10105	-397	13732	-170	-231	948	21	-113	-198	-19
-178.4	81.2	-0.5	0.3	36.4	10105	849	16684	1622	-991	1145	-186	-112	-199	-26
179.4	82.2	0.1	0.3	36.4	10105	-566	18087	-3440	-61	716	315	-112	-198	-35
175.5	81.9	1.6	0.3	36.4	10105	-2428	21762	3402	-334	2065	988	-115	-196	-43
177.4	81.1	4.5	0.3	36.4	10105	5772	13720	5989	14	-1761	1138	-122	-186	-43
175.1	80.8	3.2	0.3	36.4	10105	-1414	21416	4975	-123	1539	-345	-121	-186	-43
176	81	1	0.3	36.4	10105	-2112	14407	3747	213	-409	-792	-119	-185	-45
179.2	81.4	-1.8	0.3	36.4	10105	-1962	13100	2984	401	-1456	-1374	-113	-191	-41
-177.7	81.3	-2.7	0.3	36.4	10105	-1088	12543	1382	-24	-1358	-608	-107	-196	-35
-175.3	81.9	-1.7	0.3	36.4	10105	-298	13643	-1010	77	-1235	252	-107	-197	-30
-172.7	82.1	-1.5	0.3	36.4	10105	-1980	16300	1426	-82	-1337	158	-108	-194	-25
-169.1	82.9	-2.4	0.3	36.4	10105	-3732	18856	-3736	79	-1797	-405	-107	-195	-18
-169.4	82	-3.5	0.3	36.4	10105	12206	24860	6346	-210	-113	-1079	-102	-197	-13
-170.9	80.1	-5	0.3	36.4	10105	-8450	18834	8086	-500	640	-188	-94	-202	-20
-171.5	78.7	-3.4	0.3	36.4	10105	3160	17954	3702	-534	185	350	-94	-200	-25
-173.8	78.1	-0.9	0.3	36.4	10105	1639	13344	2761	-323	861	1212	-95	-197	-28
-176.5	77.3	0.4	0.3	36.4	10105	-977	12276	3081	-305	1106	913	-100	-190	-33
-178.3	77.1	0.4	0.3	36.4	10105	669	12103	2256	-118	847	204	-103	-188	-38
-179.9	79	-0.8	0.3	36.4	10105	-286	13356	139	467	892	-477	-99	-188	-41
179.1	80.5	-1.1	0.3	36.4	10105	65	18579	1686	432	239	-152	-97	-192	-40
175.5	82.5	1.1	0.3	36.4	10105	5117	18777	-5188	637	1653	987	-98	-190	-41
176	82.1	2.8	0.3	36.4	10105	-12765	20639	11499	421	-498	1407	-102	-186	-46
175	81.7	4	0.2	36.4	10105	8220	20980	4954	-31	774	41	-107	-183	-38
174.7	81.1	2.9	0.2	36.4	10105	-3388	17384	5043	-43	-12	116	-106	-182	-43
177.5	81.3	-0.4	0.2	36.4	10105	-3534	13570	3595	359	-1082	-1507	-103	-187	-41
-177.9	81.3	-2.5	0.2	36.4	10105	-181	12373	2087	216	-2117	-1288	-96	-195	-33
-174.5	81.6	-2.6	0.2	36.4	10105	-510	12958	-4	-28	-1651	-293	-92	-200	-26
-171.7	82.6	-1.2	0.2	36.4	10105	50	14016	-1213	409	-1407	533	-93	-202	-20
-168.6	82.4	-1.3	0.2	36.4	10105	-299	15146	1597	-260	-1458	-273	-95	-201	-16
-165.2	83.1	-2.3	0.2	36.4	10105	-5477	18906	-2286	107	-1751	-418	-93	-206	-10
-165.9	81.9	-4.2	0.2	36.4	10105	10796	23317	7363	-659	478	-1637	-87	-210	-6
-166.3	79.4	-4.1	0.2	36.4	10105	-4584	20016	6781	-1354	-276	366	-84	-216	-12
-167.8	79	-1.9	0.2	36.4	10105	2793	14348	2644	-101	688	773	-85	-217	-17
-170.1	79.2	0.1	0.2	36.4	10105	714	11936	1842	67	869	1160	-93	-212	-19
-172	79.2	0.6	0.2	36.4	10105	-217	12260	1915	-74	771	391	-96	-211	-21
-173.8	79.7	0.2	0.2	36.4	10105	-41	14619	773	37	891	-38	-98	-209	-25
-175.9	79.6	-0.3	0.2	36.4	10105	34	15203	929	-153	1091	-157	-98	-212	-28
-178.2	79.9	-0.2	0.2	36.4	10105	-317	15230	393	-125	924	92	-98	-214	-33
177.6	81.5	1.1	0.2	36.4	10105	4841	18912	-3699	570	2133	677	-99	-214	-39
179	81.4	3.7	0.2	36.4	10105	-3176	17384	9311	619	-1660	1766	-106	-209	-39
177.4	80.6	3.6	0.2	36.4	10105	3085	22712	5992	-294	1056	-26	-111	-207	-36
177.9	80.2	1.4	0.3	36.4	10105	-1288	14468	3837	-53	-265	-664	-110	-208	-38
-179.8	80.4	-1.5	0.3	36.4	10105	-2924	12457	3247	253	-888	-1340	-104	-215	-36
-177	80.6	-2.6	0.3	36.4	10105	-1267	13000	1201	66	-1271	-663	-99	-220	-30
-174.6	81.2	-2.1	0.3	36.4	10105	-61	13646	-553	37	-1110	-2	-97	-222	-27
-171.9	81	-1.2	0.3	36.4	10105	-2024	15482	1989	-318	-1392	520	-100	-222	-22
-169.3	82.5	-1.8	0.3	36.4	10105	-1456	19028	-3206	328	-1144	-388	-101	-223	-15
-168.5	83.2	-3.3	0.3	36.4	10105	6057	22918	6170	605	-553	-1152	-97	-227	-9
-168.1	81.9	-5.2	0.3	36.4	10105	-8457	17527	6138	-349	-219	-638	-89	-234	-9
-168.1	80.8	-4.2	0.3	36.4	10105	3460	19476	4897	-369	131	53	-88	-235	-9
-169.3	80.6	-2.1	0.3	36.4	10105	1103	15540	3172	-37	293	996	-92	-233	-11
-171.4	79.9	-0.5	0.4	36.4	10105	1227	12444	2548	-350	1074	726	-98	-230	-12
-173.9	80	0.4	0.4	36.4	10105	1067	11902	1069	-200	1131	526	-103	-228	-17
-177.3	81.6	-0.5	0.4	36.4	10105	-112	12584	-65	443	1725	-219	-104	-226	-23
-178.6	82.5	-1	0.4	36.4	10105	-1352	16885	1639	335	456	-55	-103	-228	-26
178.4	84.3	0.6	0.4	36.4	10105	5112	17648	-4807	457	1393	569	-104	-228	-26
178.1	83.4	2.2	0.4	36.4	10105	-11099	22646	9776	44	397	1261	-109	-226	-31
178.8	82.6	3.7	0.4	36.4	10105	6360	23224	5502	-321	-100	361	-120	-218	-24
179	81.5	2.9	0.4	36.4	10105	-1221	16841	4813	-337	-171	-114	-122	-218	-27
-179.1	80.9	-0.2	0.4	36.4	10105	-3794	11572	3227	-134	-587	-1181	-118	-220	-29
-176.3	81	-1.5	0.3	36.4	10105	606	11151	1865	31	-1264	-904	-112	-226	-25
-174.1	82	-1.4	0.3	36.4	10105	-481	12571	388	336	-1057	-4	-112	-228	-20
-172.2	83	-0.6	0.3	36.4	10105	-596	16383	297	445	-929	342	-113	-226	-15
-170.5	84.1	-1.3	0.3	36.4	10105	-1658	16626	406	454	-772	-271	-114	-225	-11
-168.8	84.8	-2.6	0.3	36.4	10105	-802	21828	2066	459	-831	-764	-110	-228	-6
-169.2	84	-5.1	0.3	36.4	10105	-3189	18272	5241	325	703	-1366	-103	-232	-5
-168.2	81.7	-4.8	0.3	36.4	10105	3439	20143	5721	-695	-473	-425	-98	-236	-9
-169.4	81.3	-2.5	0.3	36.4	10105	704	15234	2817	-120	370	985	-99	-234	-12
-171.8	81	-0.6	0.3	36.4	10105	1066	11960	2285	-163	1211	795	-105	-229	-15
-173.5	80.8	0	0.3	36.4	10105	394	12668	1214	-181	728	418	-109	-225	-21
-175.6	81.4	-0.5	0.3	36.4	10105	432	13085	102	13	957	-197	-109	-225	-26
-177.7	81.1	-0.9	0.3	36.4	10105	62	16804	2234	-466	983	-212	-106	-227	-31
179.3	82.3	0.2	0.3	36.4	10105	2569	17843	-3382	62	1232	541	-106	-225	-37
178.2	82.2	1.7	0.3	36.4	10105	-9628	20955	9199	361	470	1137	-110	-221	-41
177.3	81.1	3.6	0.3	36.4	10105	5912	20497	6318	-257	351	731	-115	-215	-38
176.8	80	2.5	0.3	36.4	10105	-4499	16695	5782	-253	87	-26	-116	-212	-40
178.4	79.7	-0.1	0.3	36.4	10105	-2652	13478	3653	-14	-521	-1072	-112	-215	-42
-178.4	79.3	-2	0.3	36.4	10105	-477	12138	2794	-71	-1419	-1060	-106	-219	-38
-176	79.6	-2.2	0.3	36.4	10105	-890	12874	1022	-64	-1146	-308	-99	-224	-34
-174.1	80	-0.9	0.3	36.4	10105	-786	14285	-435	-79	-1040	596	-99	-223	-28
-171.7	80	-0.5	0.3	36.4	10105	-2006	14744	3910	-157	-1115	149	-102	-222	-24
-168.6	81.7	-1.8	0.3	36.4	10105	-4339	18758	-3683	278	-1520	-436	-100	-225	-17
-168	81.5	-3.4	0.3	36.4	10105	10196	21308	8604	-65	-283	-1345	-94	-229	-8
-167.8	80	-4.3	0.3	36.4	10105	-4094	20324	7592	-706	-428	-241	-84	-234	-9
-170.1	79.7	-2.7	0.3	36.4	10105	2922	15698	4660	-36	1147	601	-85	-234	-12
-173.7	79.8	-0.3	0.3	36.4	10105	2590	13044	2643	-48	1464	1221	-92	-229	-15
-177.6	79.9	0.8	0.3	36.4	10105	-731	11392	2308	6	1735	949	-98	-225	-20
178.9	80.2	0.7	0.3	36.4	10105	-163	13268	1199	-82	1614	340	-103	-222	-26
175.5	80.7	-0.1	0.3	36.4	10105	-735	14577	256	2	1726	-226	-101	-223	-32
172.7	81.4	0.1	0.3	36.4	10105	-694	16500	847	106	1201	393	-101	-222	-37
169	82.2	1.1	0.4	36.4	10105	3643	20721	-1154	123	1993	654	-103	-220	-41
168.7	82.6	3.6	0.4	36.4	10105	2263	18745	6612	760	-833	1577	-110	-213	-40
166.5	81.3	3.2	0.4	36.4	10105	-3924	20793	7401	-323	1298	267	-115	-208	-42
167	81	1.4	0.4	36.4	10105	-437	15396	4166	18	-182	-666	-115	-207	-42
168.5	81.2	-0.7	0.4	36.4	10105	-2414	12411	3388	155	-557	-993	-107	-211	-43
170	81.4	-1.8	0.4	36.4	10105	-1148	12599	2089	54	-560	-480	-107	-214	-40
172	81.9	-1.5	0.4	36.4	10105	-776	13007	198	-43	-968	77	-106	-214	-38
174.1	82	-0.7	0.4	36.4	10105	-1507	16254	1244	-152	-1067	493	-109	-211	-32
177	83	-1.9	0.4	36.4	10105	-3603	19134	-2079	183	-1328	-446	-111	-210	-26
179.2	83.9	-3.5	0.4	36.4	10105	2703	21358	3744	676	-1095	-1109	-107	-211	-19
179.2	83.3	-5.8	0.4	36.4	10105	-4851	17758	4852	364	480	-1208	-100	-218	-16
179.4	81.7	-5.1	0.3	36.4	10105	4653	18561	5437	-455	-62	-326	-96	-219	-18
177	81.8	-2.7	0.3	36.4	10105	1299	15002	2729	76	946	1025	-99	-218	-22
173.5	81.8	-1	0.3	36.4	10105	999	12365	2388	24	1762	905	-106	-211	-25
171.1	81.8	-0.3	0.3	36.4	10105	-146	12620	1452	-262	1071	491	-110	-207	-32
168.6	82.5	-1	0.3	36.4	10105	-114	13431	188	103	1319	-201	-110	-204	-37
167	82	-1.6	0.3	36.4	10105	21	17309	3435	-440	817	-193	-110	-204	-41
164.2	83.7	-0.1	0.3	36.4	10105	4255	19297	-3996	107	1244	572	-109	-202	-45
162.6	83.3	1	0.3	36.4	10105	-8470	20084	7730	-39	1088	942	-112	-197	-50
163.1	83	3.4	0.3	36.4	10105	9126	19072	4722	147	-315	623	-120	-190	-46
162.7	82.2	2.2	0.3	36.4	10105	-5781	18853	6086	-82	276	-29	-121	-186	-49
164.7	82	-0.6	0.3	36.4	10105	-1830	13874	3903	45	-651	-1211	-120	-186	-48
168.5	82.4	-3	0.3	36.4	10105	-1184	12004	2743	423	-1820	-1294	-115	-192	-43
171.7	82.6	-3.6	0.3	36.4	10105	-1033	13158	1224	50	-1389	-499	-112	-196	-35
174.9	83.1	-3	0.3	36.4	10105	-1158	13450	173	73	-1506	137	-113	-195	-30
177.9	83.5	-2.6	0.3	36.4	10105	-790	15605	2416	140	-1344	58	-115	-192	-22
-178.6	85.1	-3.7	0.3	36.4	10105	-5214	18794	-3975	266	-1696	-257	-115	-192	-16
-177	85.6	-5.4	0.3	36.4	10105	8052	20826	6891	527	-746	-1441	-111	-193	-8
-174.6	84	-6.1	0.3	36.4	10105	-2563	18938	5549	-781	-1553	-271	-105	-197	-6
-175.1	83.8	-4.7	0.3	36.4	10105	2237	17020	4288	161	385	295	-104	-195	-5
-177.3	83.7	-1.8	0.3	36.4	10105	2422	13274	2953	85	893	1201	-109	-188	-7
-179.7	83.2	-0.3	0.3	36.4	10105	98	12204	2446	-134	1163	712	-113	-181	-12
177.6	83.5	0	0.3	36.4	10105	-211	12767	364	-116	1178	304	-117	-175	-18
174.2	83.9	-0.8	0.3	36.4	10104	-724	15231	-561	81	1842	-365	-115	-173	-24
171.2	84.4	0.2	0.3	36.4	10104	-356	16170	-962	27	1254	577	-114	-169	-30
168.4	84.8	1.9	0.4	36.4	10104	-3044	22605	3566	245	1443	1130	-116	-162	-36
167.7	84.2	4.5	0.4	36.4	10104	4926	20042	6102	194	-143	1254	-118	-152	-36
165.4	81.9	4	0.4	36.4	10104	-4655	19311	6726	-590	1063	432	-119	-143	-42
165.8	81.6	0.9	0.4	36.4	10104	-1561	13615	3050	63	-29	-1288	-118	-142	-45
167.1	81.5	-0.9	0.4	36.4	10104	-892	11085	2307	10	-577	-805	-114	-145	-44
168.3	81.7	-1.9	0.4	36.4	10104	-2957	12898	1585	30	-437	-312	-113	-146	-43
170.6	82.6	-1.5	0.4	36.4	10104	-1329	14419	-20	195	-1139	195	-112	-145	-38
172.9	83	-1.2	0.5	36.4	10104	-2690	16632	1754	125	-1130	384	-112	-141	-31
176.2	84.2	-2.6	0.5	36.4	10104	-4658	18768	-2146	388	-1540	-502	-109	-141	-25
177.2	84.1	-3.8	0.5	36.4	10104	5924	22607	6326	185	-490	-904	-104	-142	-20
178.2	82.4	-6.3	0.5	36.4	10104	-6172	19369	5862	-174	-222	-1231	-100	-151	-24
179.4	80.6	-5.4	0.5	36.4	10104	4218	18260	5535	-466	-412	-224	-99	-159	-23
178.6	80.6	-2.8	0.5	36.4	10104	2612	14534	2435	-12	182	948	-102	-163	-23
177	80.5	-1.5	0.5	36.4	10104	-686	11707	2310	-14	792	669	-104	-164	-26
176.1	80.2	-1.1	0.6	36.4	10104	772	12792	1640	-315	371	204	-106	-166	-29
174.3	81.5	-1.7	0.6	36.4	10104	418	13651	-503	302	974	-223	-106	-172	-35
173.3	81.3	-1.6	0.6	36.4	10104	637	16234	3110	-246	435	-64	-104	-178	-41
170.6	83.8	0.1	0.6	36.4	10104	3766	18640	-4059	613	1154	723	-106	-182	-43
169.6	84.1	1.4	0.6	36.4	10104	-8160	21593	8143	450	452	994	-108	-183	-49
170.5	83.5	3.8	0.6	36.4	10104	8905	17988	4871	175	-656	725	-117	-180	-43
170.4	82.5	2.4	0.6	36.4	10104	-4212	16890	5063	-22	-65	-199	-117	-180	-47
172.5	82.6	-0.8	0.6	36.4	10104	-2456	13692	3160	285	-698	-1463	-114	-184	-46
176.2	82.4	-2.7	0.6	36.4	10104	172	12962	1602	-14	-1727	-1023	-109	-193	-40
178.7	82.8	-2.9	0.6	36.4	10104	-230	13468	281	70	-1243	-364	-106	-197	-34
-178.5	82.9	-1.8	0.6	36.4	10104	-1094	15134	-41	-42	-1446	570	-106	-198	-30
-175.5	83.8	-2	0.6	36.4	10104	-106	16322	-322	325	-1421	-239	-107	-197	-24
-171.4	85.7	-3.7	0.6	36.4	10104	-6938	18834	-2318	979	-1958	-759	-106	-199	-13
-170.1	85.9	-6	0.6	36.4	10104	6361	18963	6303	746	-54	-1870	-98	-205	-6
-166.9	83.9	-7.3	0.6	36.4	10104	-3104	18856	4956	-792	-1832	-809	-89	-211	-3
-166.6	84.5	-4.6	0.6	36.4	10104	3466	15663	2020	490	-145	803	-86	-212	0
-168.7	84.6	-1.4	0.6	36.4	10104	2537	13446	1941	139	951	1230	-92	-206	1
-170.7	83.9	-0.5	0.6	36.4	10104	-1084	12936	1270	-435	861	566	-99	-202	-3
-172.2	83.8	-0.5	0.6	36.4	10104	-1061	15874	-760	-233	669	133	-100	-200	-6
-174.4	82.1	-0.9	0.6	36.4	10104	604	15988	718	-882	1232	-184	-100	-201	-11
-176.6	82.7	-0.3	0.6	36.4	10104	-886	17662	-2937	-242	912	287	-99	-201	-19
178.1	83.2	1.2	0.6	36.4	10104	793	19554	556	47	2645	985	-101	-199	-25
178.2	83.2	4.4	0.6	36.4	10104	-24	16146	5721	707	-980	1843	-108	-193	-28
175.3	82.1	4.2	0.6	36.4	10104	979	19477	4884	-296	1620	169	-111	-187	-29
174.7	82.2	1.4	0.6	36.4	10104	-2100	15020	2610	151	410	-930	-109	-189	-35
176.8	82.2	-1.9	0.6	36.4	10104	-3441	13686	2666	94	-912	-1486	-102	-196	-34
179.1	82.1	-3.4	0.6	36.4	10104	-895	13006	1182	-73	-918	-856	-95	-199	-29
-179	81.6	-3	0.6	36.4	10104	-673	14897	-144	-348	-887	79	-92	-202	-28
-176.3	80.9	-2.2	0.5	36.4	10104	-2562	14556	2824	-241	-1340	412	-95	-202	-27
-172.2	82.3	-2.9	0.5	36.4	10104	-3330	19068	-3976	130	-1991	-432	-93	-202	-21
-168.1	83	-4.4	0.5	36.4	10104	4081	21569	5628	800	-2025	-1170	-89	-206	-13
-164.9	82.2	-6.9	0.5	36.4	10104	-8026	15614	4040	301	-1210	-1106	-79	-212	-4
-161.8	80.9	-6.3	0.5	36.4	10104	4850	19157	4332	-411	-1433	-687	-75	-214	-4
-161.6	81.6	-3.2	0.5	36.4	10104	1815	14594	3105	549	-250	1236	-75	-214	-1
-162.7	81.6	-1.3	0.5	36.4	10104	524	12908	3054	217	454	816	-82	-208	0
-163.3	81.5	-0.5	0.5	36.4	10104	-14	12928	1179	-181	141	421	-88	-208	-2
-164.9	81.8	-0.7	0.5	36.4	10104	36	14583	-877	-124	752	-20	-90	-207	-2
-167.6	81.4	-0.4	0.5	36.4	10104	782	15330	1953	-281	1232	155	-92	-210	-9
-172	82	1.5	0.5	36.4	10104	4347	19292	-3366	-26	2145	851	-96	-209	-16
-173.5	81.8	3.3	0.5	36.4	10104	-13251	20283	8891	115	352	1430	-104	-204	-22
-176.9	80.6	4.1	0.5	36.4	10104	2836	19660	6120	-301	1942	270	-111	-200	-22
-178.6	79.9	2.7	0.5	36.4	10104	-3188	14776	4965	-2	795	4	-113	-198	-28
-178	80.3	-0.2	0.5	36.4	10104	-3432	14435	3173	309	-56	-1170	-111	-203	-32
-176.9	80.3	-1.5	0.5	36.4	10104	69	12153	2522	139	-485	-675	-108	-207	-31
-176.1	80.5	-1.8	0.5	36.4	10104	-1826	12900	1415	60	-334	-73	-105	-210	-25
-175.1	81.3	-0.9	0.5	36.4	10104	-740	14352	-573	134	-587	456	-107	-210	-26
-172.9	81.2	-0.9	0.5	36.4	10104	-3637	16258	3864	-167	-1033	222	-111	-208	-22
-169.2	82.4	-2.1	0.5	36.4	10104	-4466	18576	-2916	190	-1897	-527	-111	-209	-16
-167.5	82.6	-3.8	0.5	36.4	10105	5533	20565	5620	164	-766	-1185	-106	-214	-8
-165.5	81.3	-5.3	0.5	36.4	10105	-4541	17645	5284	-161	-929	-649	-99	-221	-6
-165	80.3	-4.2	0.5	36.4	10105	4575	16906	4530	-341	-294	-122	-96	-222	-4
-166.9	81	-1.4	0.5	36.4	10105	1873	15040	2706	331	769	1317	-100	-220	-5
-169.1	80.9	-0.2	0.5	36.4	10105	-784	12828	2448	-24	1035	781	-109	-216	0
-170.4	81	0	0.5	36.4	10105	774	13804	1359	-65	615	183	-113	-212	-9
-172.3	81.6	-0.5	0.5	36.4	10105	165	15116	-210	94	969	-194	-113	-213	-12
-174.5	80.2	-0.5	0.5	36.4	10105	1706	16758	2355	-686	1097	-3	-113	-215	-17
-177.5	81.3	0.3	0.5	36.4	10105	1622	16551	-2335	-15	1304	454	-114	-215	-25
177.7	81.9	0.9	0.5	36.4	10105	-3002	21408	1664	-36	2575	629	-117	-212	-33
178.5	82	3.7	0.5	36.4	10105	5313	17187	4333	635	-1201	1253	-124	-205	-31
175.5	80.3	3.3	0.5	36.4	10105	-1559	17320	5617	-484	1676	239	-127	-202	-35
175.5	80	0.9	0.5	36.4	10105	-2908	12997	3545	61	84	-660	-126	-201	-41
177.8	80.5	-2	0.4	36.4	10105	-3608	14455	2929	313	-924	-1372	-120	-207	-39
179.8	80.7	-2.8	0.4	36.4	10105	379	13484	1706	13	-784	-544	-116	-213	-32
-179	81.5	-2.5	0.4	36.4	10105	-1138	14352	762	206	-540	179	-114	-214	-29
-177.2	82	-1.6	0.4	36.4	10105	-2116	15120	840	146	-936	496	-116	-213	-25
-174.8	83.1	-1.7	0.4	36.4	10105	-748	15963	-716	387	-1036	-1	-118	-211	-19
-169.9	85.2	-2.8	0.4	36.4	10105	-6398	18650	-3368	926	-2538	-421	-117	-213	-8
-168.8	85.6	-4	0.4	36.4	10105	9489	21298	8544	386	-417	-1384	-113	-216	2
-166.2	84.2	-5.8	0.4	36.4	10105	-8586	17838	5377	-451	-1395	-397	-105	-220	5
-165.2	83.6	-4.6	0.4	36.4	10105	6344	16485	3467	191	-325	-187	-100	-225	9
-166.8	83.9	-1.9	0.4	36.4	10105	1963	15303	2451	171	618	1165	-103	-220	10
-169.8	84	-0.2	0.4	36.4	10105	7	13484	2095	105	1398	858	-111	-215	5
-172.1	84.2	-0.2	0.4	36.4	10105	-602	14683	1247	101	1161	152	-115	-212	0
-174	84.5	-1.2	0.4	36.4	10105	-17	14974	530	101	984	-344	-116	-213	-4
-174.8	84.4	-2.1	0.3	36.4	10105	-994	15738	2526	-168	271	-443	-113	-216	-6
-178.4	86.4	-1.4	0.3	36.4	10105	3862	16211	-2215	480	1609	104	-112	-217	-9
176	88.5	-1.2	0.3	36.4	10105	-226	15024	-3017	520	2674	155	-113	-216	-16
173	88.3	-1.4	0.3	36.4	10105	-4342	18237	1025	-88	1467	177	-113	-215	-24
171.8	87.6	0.7	0.3	36.4	10105	638	20721	4554	219	235	1228	-117	-211	-27
168.3	85.5	1.1	0.3	36.4	10105	1018	15599	3562	-657	1818	437	-121	-207	-33
167.9	84.2	-1.8	0.3	36.4	10105	-6100	14100	4153	-332	167	-844	-118	-206	-41
169.2	83.8	-3.1	0.3	36.4	10105	-1019	15615	2252	-79	-573	-685	-112	-211	-42
169.9	83.7	-3.9	0.3	36.4	10105	-1444	15465	2548	11	-227	-312	-110	-212	-40
171	83.8	-4.8	0.3	36.4	10105	-2221	15594	2323	232	-528	-357	-108	-215	-37
172.5	83.9	-5.3	0.3	36.4	10105	-2771	15724	1954	95	-640	-139	-107	-216	-36
174.2	84.1	-5.5	0.3	36.4	10105	-2441	15817	1519	131	-800	-39	-107	-217	-31
175.8	84.9	-5.2	0.3	36.4	10105	-1809	15155	371	412	-773	130	-107	-217	-28
177.3	86	-4.6	0.2	36.4	10105	-1470	17470	1328	501	-786	311	-109	-216	-21
178.2	86.9	-4.5	0.2	36.4	10105	-742	15616	1467	559	-404	-118	-109	-216	-16
179.5	87.6	-4.2	0.2	36.4	10105	-911	16326	1182	485	-617	105	-110	-216	-11
-179	88.2	-3.8	0.2	36.4	10105	-431	16367	200	324	-678	82	-109	-216	-7
-178.1	87.8	-3	0.2	36.4	10105	628	17389	913	-146	-453	222	-110	-216	-3
-178	87.4	-2.7	0.2	36.4	10105	-126	15912	932	-151	-17	45	-112	-214	-3
-177.4	87.1	-2.4	0.2	36.4	10105	80	16177	257	-183	-336	22	-112	-215	-3
-177.1	86.7	-2.2	0.2	36.4	10105	173	16443	495	-202	-99	2	-112	-215	-4
-177	86.6	-2.1	0.2	36.4	10105	-304	16346	631	-102	-72	42	-111	-215	-3
-177.1	86.5	-1.9	0.2	36.4	10105	120	16126	508	-87	44	8	-112	-215	-5
-177.3	86.7	-1.9	0.2	36.4	10105	-656	16159	500	41	111	26	-111	-215	-5
-177.5	86.9	-1.9	0.2	36.4	10105	-454	16180	672	100	104	-33	-112	-214	-6
-177.7	87.1	-2	0.2	36.4	10105	-539	16326	549	58	97	-33	-111	-215	-5
-178.1	87.3	-2.1	0.2	36.4	10105	-538	16268	533	85	192	-45	-111	-215	-6
-178.5	87.4	-2.2	0.2	36.4	10105	-887	16402	522	28	176	-17	-111	-216	-7
-178.7	87.6	-2.3	0.2	36.4	10105	-840	16225	422	75	91	-27	-111	-215	-7
-178.9	87.8	-2.4	0.2	36.4	10105	-750	16198	385	98	96	-27	-111	-215	-7
-179.2	87.9	-2.4	0.3	36.4	10105	-801	16419	401	67	116	-23	-109	-215	-7
-179.3	88	-2.5	0.3	36.4	10105	-821	16362	416	68	72	-18	-110	-216	-9
-179.4	88.1	-2.6	0.3	36.4	10105	-876	16326	332	50	26	-7	-111	-216	-8
-179.5	88.2	-2.6	0.3	36.4	10105	-815	16244	324	62	12	-8	-110	-215	-8
-179.5	88.3	-2.6	0.3	36.4	10105	-764	16324	171	53	29	-2	-111	-215	-7
-179.6	88.4	-2.6	0.3	36.4	10105	-850	16332	240	24	29	0	-110	-216	-8
-179.7	88.5	-2.6	0.3	36.4	10105	-779	16222	172	52	15	-5	-111	-217	-8
-179.8	88.6	-2.6	0.3	36.4	10105	-748	16292	102	54	49	6	-111	-215	-8
179.9	88.7	-2.6	0.3	36.4	10105	-822	16302	192	51	79	2	-111	-216	-7
179.7	88.8	-2.7	0.3	36.4	10105	-861	16286	67	75	89	4	-112	-216	-8
179.5	88.9	-2.7	0.3	36.4	10105	-918	16387	75	70	48	4	-110	-216	-7
179.4	89.1	-2.7	0.3	36.4	10105	-816	16143	148	97	48	5	-111	-216	-7
179.2	89.2	-2.7	0.3	36.4	10105	-704	16409	103	84	69	-12	-110	-215	-8
179	89.3	-2.8	0.4	36.4	10105	-775	16222	8	56	74	-20	-111	-216	-8
178.8	89.3	-2.8	0.4	36.4	10105	-687	16432	-107	6	80	-33	-110	-215	-8
178.7	89.3	-2.9	0.4	36.4	10105	-882	16448	92	10	69	-17	-110	-215	-8
178.4	89.2	-3	0.4	36.4	10105	-868	16246	-84	-27	81	-57	-110	-216	-9
178.1	89.2	-3.2	0.4	36.4	10105	-816	16336	-167	-15	138	-105	-110	-217	-10
177.7	89.2	-3.5	0.4	36.4	10105	-985	16343	-19	17	171	-135	-110	-217	-11
177.4	89.1	-3.6	0.4	36.4	10105	-1040	16341	-55	-15	131	-73	-108	-217	-12
177	89.1	-3.6	0.4	36.4	10105	-864	16543	-8	-20	177	6	-108	-217	-11
176.5	89.1	-3.5	0.4	36.4	10105	-1056	16059	166	7	207	29	-108	-218	-13
176.1	89.2	-3.6	0.4	36.4	10105	-1267	16263	109	38	209	21	-108	-218	-14
175.9	89.2	-3.7	0.4	36.4	10105	-1481	16270	-6	41	96	14	-108	-217	-14
176	89.1	-3.7	0.4	36.4	10105	-1548	16344	-66	-42	-91	25	-109	-218	-15
176.5	89	-3.8	0.4	36.4	10105	-1298	16436	-200	-40	-234	-28	-107	-217	-15
177	89	-3.8	0.4	36.4	10105	-954	16286	-89	29	-263	6	-108	-218	-15
177.4	89	-3.8	0.4	36.4	10105	-1151	16363	272	37	-229	10	-108	-218	-13
177.6	88.9	-3.6	0.4	36.4	10105	-763	16255	-104	-38	-101	57	-108	-218	-13
177.4	88.8	-3.5	0.3	36.4	10105	-1026	16307	-64	-69	97	70	-108	-217	-12
177.1	88.8	-3.4	0.3	36.4	10105	-919	16355	299	53	103	32	-109	-218	-13
176.9	88.8	-3.4	0.3	36.4	10105	-1094	16216	370	43	86	10	-109	-217	-13
176.9	88.8	-3.5	0.3	36.4	10105	-1181	16250	425	63	-35	-9	-109	-217	-13
177	88.8	-3.4	0.3	36.4	10105	-1274	16142	244	1	-52	32	-108	-218	-12
177	88.8	-3.4	0.3	36.4	10105	-986	16338	135	-14	-29	17	-108	-217	-12
176.9	89	-3.2	0.3	36.4	10105	-1032	16332	27	101	12	67	-109	-217	-13
176.8	89.1	-3.1	0.3	36.4	10105	-941	16260	55	83	35	84	-110	-217	-12
176.9	89.1	-3	0.3	36.4	10105	-1118	16405	-50	-24	-90	74	-109	-216	-12
177.2	89.2	-2.8	0.3	36.4	10105	-724	16430	-174	67	-144	50	-110	-216	-12
177.4	89.5	-2.7	0.3	36.4	10105	-696	16151	-74	155	-130	63	-110	-216	-11
177.8	89.7	-2.5	0.3	36.4	10105	-880	16355	77	163	-210	103	-110	-214	-9
178.1	89.8	-2.4	0.3	36.4	10105	-372	16580	-74	74	-159	18	-111	-216	-7
177.9	89.7	-2.4	0.3	36.4	10105	-581	16433	-164	-6	53	2	-111	-215	-8
177.5	89.8	-2.4	0.3	36.4	10105	-534	16043	-24	38	163	-53	-110	-215	-1
177.1	89.8	-2.6	0.3	36.4	10105	-866	16148	-255	6	186	-88	-110	-215	-9
176.8	89.9	-2.7	0.3	36.4	10105	-794	16437	-351	42	145	-77	-110	-215	-9
176.4	90.1	-2.7	0.3	36.4	10105	-655	16192	-193	87	168	-13	-108	-217	-10
176.2	90.2	-2.8	0.2	36.4	10105	-917	16468	-316	92	77	-29	-109	-217	-10
176.4	90.1	-2.9	0.2	36.4	10105	-1237	16374	24	23	-153	-14	-109	-215	-11
176.7	90	-3	0.2	36.4	10105	-630	16363	-330	-73	-199	-49	-109	-216	-10
176.7	89.7	-2.9	0.2	36.4	10105	-691	16186	-297	-101	1	24	-109	-215	-9
176.3	89.5	-2.8	0.2	36.4	10105	-864	16660	-79	-134	174	49	-109	-216	-11
176.2	89.2	-2.8	0.2	36.4	10105	-1129	16092	250	-93	51	4	-110	-216	-11
176.3	89	-2.9	0.2	36.4	10105	-1136	16230	178	-56	-75	-8	-110	-215	-12
176.5	88.9	-2.8	0.2	36.4	10105	-769	16191	128	-10	-132	23	-109	-216	-12
176.8	89	-2.7	0.2	36.4	10105	-880	16320	192	55	-121	69	-110	-215	-11
177.1	89.1	-2.6	0.2	36.4	10105	-900	16374	107	75	-192	37	-110	-216	-11
177.1	89.1	-2.6	0.2	36.4	10105	-675	16092	122	50	-20	12	-110	-215	-11
176.9	89.3	-2.5	0.2	36.4	10105	-858	16444	130	71	71	32	-111	-215	-9
176.7	89.3	-2.6	0.2	36.4	10105	-930	16268	182	67	72	3	-111	-215	-11
176.8	89.4	-2.6	0.2	36.4	10105	-843	16277	155	56	-53	-4	-110	-214	-10
176.8	89.4	-2.5	0.2	36.4	10105	-577	16415	82	48	-23	4	-111	-215	-10
176.8	89.5	-2.5	0.2	36.4	10105	-690	16448	91	32	-28	34	-110	-215	-9
176.8	89.5	-2.4	0.2	36.4	10105	-783	16286	-25	41	-27	19	-112	-215	-11
176.9	89.6	-2.4	0.2	36.4	10105	-643	16394	1	47	-63	17	-111	-214	-9
176.9	89.7	-2.3	0.2	36.4	10105	-580	16227	-65	82	-26	27	-111	-215	-9
176.8	89.7	-2.2	0.2	36.4	10105	-539	16369	-150	28	12	31	-110	-214	-9
176.7	89.8	-2.2	0.2	36.4	10105	-624	16338	-112	48	28	31	-111	-215	-9
176.7	89.9	-2.2	0.2	36.4	10105	-686	16418	-144	35	17	3	-112	-215	-8
176.5	89.9	-2.1	0.2	36.4	10105	-636	16302	-80	56	49	26	-111	-214	-9
176.5	90	-2.2	0.2	36.4	10105	-754	16184	-126	43	9	-11	-111	-215	-9
176.4	90	-2.2	0.2	36.4	10105	-574	16398	-181	-5	-24	-11	-111	-214	-9
176.3	90	-2.1	0.2	36.4	10105	-647	16362	-134	28	45	3	-112	-215	-9
176.2	90	-2.2	0.2	36.4	10105	-741	16188	-48	20	17	-13	-111	-214	-9
176.2	90	-2.2	0.2	36.4	10105	-651	16324	-173	2	-23	-2	-111	-215	-10
176.2	90	-2.2	0.3	36.4	10105	-552	16326	-95	74	-23	0	-111	-214	-9
176.2	90	-2.2	0.3	36.4	10105	-603	16278	-205	12	-2	8	-112	-215	-10
176.2	90	-2.2	0.3	36.4	10105	-690	16492	-204	6	-1	7	-111	-214	-9
176.2	90	-2.2	0.3	36.4	10105	-606	16277	-78	35	-17	-1	-112	-215	-9
176.1	90.1	-2.2	0.3	36.4	10105	-573	16358	-252	11	-11	-2	-111	-214	-8
176.1	90.1	-2.1	0.3	36.4	10105	-716	16494	-100	20	7	18	-110	-215	-9
176.1	90	-2.1	0.3	36.4	10105	-726	16331	-150	-19	-27	-7	-112	-215	-9
176.1	90	-2.1	0.3	36.4	10105	-773	16189	-74	19	-28	3	-111	-214	-9
176	90	-2.1	0.3	36.4	10105	-681	16355	-157	18	-5	10	-111	-214	-8
176	90	-2.1	0.3	36.4	10105	-689	16225	-64	36	12	6	-110	-215	-9
175.9	90.1	-2.1	0.3	36.4	10105	-746	16395	-212	33	3	15	-111	-214	-9
175.9	90.1	-2.1	0.3	36.4	10105	-647	16268	-34	52	-9	8	-112	-214	-9
175.9	90.1	-2.1	0.3	36.4	10105	-554	16407	-187	17	-15	5	-112	-216	-8
175.9	90.1	-2.1	0.3	36.4	10105	-631	16438	-158	14	-26	21	-111	-215	-8
175.9	90.2	-2	0.3	36.4	10105	-522	16315	-175	28	-16	22	-112	-213	-8
175.9	90.2	-2	0.3	36.4	10105	-681	16328	-98	37	7	8	-111	-213	-8
175.9	90.2	-2	0.3	36.4	10105	-601	16487	-82	31	-21	2	-112	-214	-9
175.9	90.2	-2	0.3	36.4	10105	-616	16245	-51	27	-24	8	-111	-213	-8
175.9	90.2	-2	0.3	36.4	10105	-615	16257	-117	9	-17	2	-112	-213	-8
175.9	90.2	-2	0.3	36.4	10105	-651	16354	-103	23	-21	16	-112	-214	-8
176	90.2	-2	0.3	36.4	10105	-628	16283	-50	44	-48	4	-111	-213	-9
176	90.2	-2	0.4	36.4	10105	-618	16299	-194	20	-48	-4	-111	-214	-8
176	90.3	-1.9	0.4	36.4	10105	-607	16323	-227	37	-17	6	-112	-214	-7
175.9	90.4	-1.9	0.4	36.4	10105	-564	16332	-268	66	12	14	-112	-213	-8
175.9	90.5	-1.9	0.4	36.4	10105	-635	16219	-153	64	11	4	-111	-213	-8
175.8	90.6	-1.9	0.4	36.4	10105	-624	16370	-257	67	11	18	-112	-214	-7
175.7	90.7	-1.9	0.4	36.4	10105	-605	16293	-228	95	16	-2	-112	-215	-8
175.7	90.8	-1.9	0.4	36.4	10105	-588	16441	-229	60	5	8	-112	-213	-4
175.7	90.9	-1.8	0.4	36.4	10105	-568	16327	-268	51	-19	20	-112	-214	-5
175.7	90.9	-1.8	0.4	36.4	10105	-703	16257	-332	48	-32	8	-112	-213	-6
175.7	91.1	-1.8	0.4	36.4	10105	-506	16282	-436	79	-19	9	-112	-214	-6
175.6	91.2	-1.7	0.4	36.4	10105	-556	16319	-438	82	28	25	-113	-213	-6
175.6	91.3	-1.8	0.4	36.4	10105	-719	16253	-498	73	-21	7	-113	-214	-6
175.6	91.4	-1.7	0.4	36.4	10105	-411	16443	-643	45	-30	6	-113	-212	-5
175.5	91.4	-1.7	0.4	36.4	10105	-553	16248	-478	32	39	14	-112	-213	-4
175.3	91.4	-1.7	0.4	36.4	10105	-488	16436	-562	9	33	-8	-112	-214	-6
175.3	91.4	-1.7	0.4	36.4	10105	-523	16318	-473	15	23	-8	-113	-214	-6
175.2	91.3	-1.8	0.4	36.4	10105	-535	16256	-480	-7	7	-15	-112	-213	-6
175.2	91.3	-1.8	0.4	36.4	10104	-543	16319	-457	21	-24	-6	-112	-214	-6
175.2	91.3	-1.7	0.4	36.4	10104	-417	16350	-471	4	-18	9	-112	-213	-5
175.1	91.3	-1.7	0.4	36.4	10104	-544	16278	-447	14	-1	3	-112	-213	-6
175.1	91.2	-1.7	0.4	36.4	10104	-522	16324	-518	-3	-17	-3	-112	-214	-6
175.1	91.2	-1.7	0.4	36.4	10104	-605	16269	-395	31	8	5	-112	-213	-5
175	91.2	-1.8	0.4	36.4	10104	-603	16237	-427	12	-4	-5	-113	-213	-7
175	91.2	-1.8	0.5	36.4	10104	-503	16441	-404	8	-13	-3	-112	-213	-5
175	91.2	-1.8	0.5	36.4	10104	-580	16139	-353	16	4	-9	-112	-214	-7
174.9	91.2	-1.8	0.5	36.4	10104	-540	16447	-372	15	1	-6	-112	-214	-6
174.9	91.1	-1.8	0.5	36.4	10104	-595	16235	-351	8	-5	-4	-112	-213	-5
174.9	91.1	-1.8	0.5	36.4	10105	-521	16276	-374	0	-14	-3	-112	-214	-7
174.8	91.1	-1.8	0.5	36.4	10105	-552	16348	-442	13	14	6	-113	-214	-6
174.8	91.1	-1.8	0.5	36.4	10105	-643	16296	-348	3	8	4	-113	-213	-7
174.8	91.1	-1.9	0.5	36.4	10105	-581	16283	-402	18	-16	-7	-112	-213	-6
174.8	91.1	-1.9	0.5	36.4	10105	-549	16323	-337	7	-31	-4	-112	-213	-6
